cusip,prc,openprc,date,htick,hcomnam,hsiccd,numshr
80685710,45.62,42.75,2009-01-02,SLB,SCHLUMBERGER LTD,5651.0,485.0
80685710,46.82,45.12,2009-01-05,SLB,SCHLUMBERGER LTD,5651.0,485.0
80685710,47.6,47.9,2009-01-06,SLB,SCHLUMBERGER LTD,5651.0,485.0
80685710,45.61,46.45,2009-01-07,SLB,SCHLUMBERGER LTD,5651.0,485.0
80685710,45.83,45.25,2009-01-08,SLB,SCHLUMBERGER LTD,5651.0,485.0
80685710,43.0,45.66,2009-01-09,SLB,SCHLUMBERGER LTD,5651.0,485.0
80685710,41.35,42.34,2009-01-12,SLB,SCHLUMBERGER LTD,5651.0,485.0
80685710,42.82,41.4,2009-01-13,SLB,SCHLUMBERGER LTD,5651.0,485.0
80685710,40.43,42.09,2009-01-14,SLB,SCHLUMBERGER LTD,5651.0,485.0
80685710,40.18,40.47,2009-01-15,SLB,SCHLUMBERGER LTD,5651.0,485.0
80685710,39.9,40.84,2009-01-16,SLB,SCHLUMBERGER LTD,5651.0,485.0
80685710,36.83,38.62,2009-01-20,SLB,SCHLUMBERGER LTD,5651.0,485.0
80685710,38.99,37.55,2009-01-21,SLB,SCHLUMBERGER LTD,5651.0,485.0
80685710,37.27,37.79,2009-01-22,SLB,SCHLUMBERGER LTD,5651.0,485.0
80685710,41.09,36.11,2009-01-23,SLB,SCHLUMBERGER LTD,5651.0,485.0
80685710,42.0,41.15,2009-01-26,SLB,SCHLUMBERGER LTD,5651.0,485.0
80685710,41.97,41.96,2009-01-27,SLB,SCHLUMBERGER LTD,5651.0,485.0
80685710,44.16,42.62,2009-01-28,SLB,SCHLUMBERGER LTD,5651.0,485.0
80685710,41.93,43.1,2009-01-29,SLB,SCHLUMBERGER LTD,5651.0,485.0
80685710,40.81,42.99,2009-01-30,SLB,SCHLUMBERGER LTD,5651.0,485.0
80685710,40.79,40.01,2009-02-02,SLB,SCHLUMBERGER LTD,5651.0,485.0
80685710,40.99,41.19,2009-02-03,SLB,SCHLUMBERGER LTD,5651.0,485.0
80685710,42.28,41.5,2009-02-04,SLB,SCHLUMBERGER LTD,5651.0,485.0
80685710,44.55,42.1,2009-02-05,SLB,SCHLUMBERGER LTD,5651.0,485.0
80685710,45.29,43.9,2009-02-06,SLB,SCHLUMBERGER LTD,5651.0,485.0
80685710,46.12,46.61,2009-02-09,SLB,SCHLUMBERGER LTD,5651.0,485.0
80685710,43.36,46.38,2009-02-10,SLB,SCHLUMBERGER LTD,5651.0,485.0
80685710,42.55,43.78,2009-02-11,SLB,SCHLUMBERGER LTD,5651.0,485.0
80685710,41.97,41.89,2009-02-12,SLB,SCHLUMBERGER LTD,5651.0,485.0
80685710,41.52,41.69,2009-02-13,SLB,SCHLUMBERGER LTD,5651.0,485.0
80685710,38.2,40.04,2009-02-17,SLB,SCHLUMBERGER LTD,5651.0,485.0
80685710,38.2,38.64,2009-02-18,SLB,SCHLUMBERGER LTD,5651.0,485.0
80685710,38.54,38.96,2009-02-19,SLB,SCHLUMBERGER LTD,5651.0,485.0
80685710,36.88,37.77,2009-02-20,SLB,SCHLUMBERGER LTD,5651.0,485.0
80685710,35.19,37.47,2009-02-23,SLB,SCHLUMBERGER LTD,5651.0,485.0
80685710,38.05,35.72,2009-02-24,SLB,SCHLUMBERGER LTD,5651.0,485.0
80685710,37.23,38.01,2009-02-25,SLB,SCHLUMBERGER LTD,5651.0,485.0
80685710,38.17,37.99,2009-02-26,SLB,SCHLUMBERGER LTD,5651.0,485.0
80685710,38.06,37.11,2009-02-27,SLB,SCHLUMBERGER LTD,5651.0,485.0
80685710,35.84,37.0,2009-03-02,SLB,SCHLUMBERGER LTD,5651.0,485.0
80685710,35.66,36.46,2009-03-03,SLB,SCHLUMBERGER LTD,5651.0,485.0
80685710,38.83,37.05,2009-03-04,SLB,SCHLUMBERGER LTD,5651.0,485.0
80685710,36.16,37.56,2009-03-05,SLB,SCHLUMBERGER LTD,5651.0,485.0
80685710,36.73,36.57,2009-03-06,SLB,SCHLUMBERGER LTD,5651.0,485.0
80685710,36.67,36.18,2009-03-09,SLB,SCHLUMBERGER LTD,5651.0,485.0
80685710,39.52,37.5,2009-03-10,SLB,SCHLUMBERGER LTD,5651.0,485.0
80685710,38.8,39.27,2009-03-11,SLB,SCHLUMBERGER LTD,5651.0,485.0
80685710,39.96,38.67,2009-03-12,SLB,SCHLUMBERGER LTD,5651.0,485.0
80685710,39.3,40.35,2009-03-13,SLB,SCHLUMBERGER LTD,5651.0,485.0
80685710,41.44,39.13,2009-03-16,SLB,SCHLUMBERGER LTD,5651.0,485.0
80685710,42.11,41.44,2009-03-17,SLB,SCHLUMBERGER LTD,5651.0,485.0
80685710,42.91,41.78,2009-03-18,SLB,SCHLUMBERGER LTD,5651.0,485.0
80685710,44.31,44.25,2009-03-19,SLB,SCHLUMBERGER LTD,5651.0,485.0
80685710,41.52,44.59,2009-03-20,SLB,SCHLUMBERGER LTD,5651.0,485.0
80685710,46.75,42.96,2009-03-23,SLB,SCHLUMBERGER LTD,5651.0,485.0
80685710,46.16,45.41,2009-03-24,SLB,SCHLUMBERGER LTD,5651.0,485.0
80685710,45.34,45.94,2009-03-25,SLB,SCHLUMBERGER LTD,5651.0,485.0
80685710,45.54,46.35,2009-03-26,SLB,SCHLUMBERGER LTD,5651.0,485.0
80685710,43.52,44.58,2009-03-27,SLB,SCHLUMBERGER LTD,5651.0,485.0
80685710,41.12,42.2,2009-03-30,SLB,SCHLUMBERGER LTD,5651.0,485.0
80685710,40.62,42.11,2009-03-31,SLB,SCHLUMBERGER LTD,5651.0,485.0
80685710,41.1,39.82,2009-04-01,SLB,SCHLUMBERGER LTD,5651.0,485.0
80685710,43.79,42.84,2009-04-02,SLB,SCHLUMBERGER LTD,5651.0,485.0
80685710,45.07,43.74,2009-04-03,SLB,SCHLUMBERGER LTD,5651.0,485.0
80685710,43.95,44.04,2009-04-06,SLB,SCHLUMBERGER LTD,5651.0,485.0
80685710,42.99,43.11,2009-04-07,SLB,SCHLUMBERGER LTD,5651.0,485.0
80685710,43.54,42.71,2009-04-08,SLB,SCHLUMBERGER LTD,5651.0,485.0
80685710,44.16,45.0,2009-04-09,SLB,SCHLUMBERGER LTD,5651.0,485.0
80685710,44.25,42.82,2009-04-13,SLB,SCHLUMBERGER LTD,5651.0,485.0
80685710,44.11,43.7,2009-04-14,SLB,SCHLUMBERGER LTD,5651.0,485.0
80685710,45.53,43.91,2009-04-15,SLB,SCHLUMBERGER LTD,5651.0,485.0
80685710,46.0,46.22,2009-04-16,SLB,SCHLUMBERGER LTD,5651.0,485.0
80685710,46.57,46.11,2009-04-17,SLB,SCHLUMBERGER LTD,5651.0,485.0
80685710,44.1,45.01,2009-04-20,SLB,SCHLUMBERGER LTD,5651.0,485.0
80685710,46.63,43.19,2009-04-21,SLB,SCHLUMBERGER LTD,5651.0,485.0
80685710,46.23,45.65,2009-04-22,SLB,SCHLUMBERGER LTD,5651.0,485.0
80685710,46.61,46.74,2009-04-23,SLB,SCHLUMBERGER LTD,5651.0,485.0
80685710,49.73,49.82,2009-04-24,SLB,SCHLUMBERGER LTD,5651.0,485.0
80685710,48.38,47.94,2009-04-27,SLB,SCHLUMBERGER LTD,5651.0,485.0
80685710,48.04,47.41,2009-04-28,SLB,SCHLUMBERGER LTD,5651.0,485.0
80685710,50.03,48.2,2009-04-29,SLB,SCHLUMBERGER LTD,5651.0,485.0
80685710,48.99,50.79,2009-04-30,SLB,SCHLUMBERGER LTD,5651.0,485.0
80685710,50.67,49.22,2009-05-01,SLB,SCHLUMBERGER LTD,5651.0,485.0
80685710,54.08,52.19,2009-05-04,SLB,SCHLUMBERGER LTD,5651.0,485.0
80685710,54.2,53.92,2009-05-05,SLB,SCHLUMBERGER LTD,5651.0,485.0
80685710,56.05,55.03,2009-05-06,SLB,SCHLUMBERGER LTD,5651.0,485.0
80685710,54.1,58.64,2009-05-07,SLB,SCHLUMBERGER LTD,5651.0,485.0
80685710,56.53,55.04,2009-05-08,SLB,SCHLUMBERGER LTD,5651.0,485.0
80685710,54.77,55.41,2009-05-11,SLB,SCHLUMBERGER LTD,5651.0,485.0
80685710,55.75,55.01,2009-05-12,SLB,SCHLUMBERGER LTD,5651.0,485.0
80685710,53.54,54.78,2009-05-13,SLB,SCHLUMBERGER LTD,5651.0,485.0
80685710,53.93,53.07,2009-05-14,SLB,SCHLUMBERGER LTD,5651.0,485.0
80685710,52.05,53.76,2009-05-15,SLB,SCHLUMBERGER LTD,5651.0,485.0
80685710,54.15,52.76,2009-05-18,SLB,SCHLUMBERGER LTD,5651.0,485.0
80685710,54.01,54.01,2009-05-19,SLB,SCHLUMBERGER LTD,5651.0,485.0
80685710,55.04,55.08,2009-05-20,SLB,SCHLUMBERGER LTD,5651.0,485.0
80685710,51.94,53.6,2009-05-21,SLB,SCHLUMBERGER LTD,5651.0,485.0
80685710,51.75,52.84,2009-05-22,SLB,SCHLUMBERGER LTD,5651.0,485.0
80685710,53.92,51.25,2009-05-26,SLB,SCHLUMBERGER LTD,5651.0,485.0
80685710,53.41,54.07,2009-05-27,SLB,SCHLUMBERGER LTD,5651.0,485.0
80685710,56.35,54.05,2009-05-28,SLB,SCHLUMBERGER LTD,5651.0,485.0
80685710,57.23,57.62,2009-05-29,SLB,SCHLUMBERGER LTD,5651.0,485.0
80685710,59.17,58.63,2009-06-01,SLB,SCHLUMBERGER LTD,5651.0,485.0
80685710,59.18,58.81,2009-06-02,SLB,SCHLUMBERGER LTD,5651.0,485.0
80685710,56.89,58.06,2009-06-03,SLB,SCHLUMBERGER LTD,5651.0,485.0
80685710,58.31,57.63,2009-06-04,SLB,SCHLUMBERGER LTD,5651.0,485.0
80685710,57.27,59.0,2009-06-05,SLB,SCHLUMBERGER LTD,5651.0,485.0
80685710,57.33,56.82,2009-06-08,SLB,SCHLUMBERGER LTD,5651.0,485.0
80685710,58.85,58.07,2009-06-09,SLB,SCHLUMBERGER LTD,5651.0,485.0
80685710,59.27,59.86,2009-06-10,SLB,SCHLUMBERGER LTD,5651.0,485.0
80685710,62.18,59.8,2009-06-11,SLB,SCHLUMBERGER LTD,5651.0,485.0
80685710,60.27,60.96,2009-06-12,SLB,SCHLUMBERGER LTD,5651.0,485.0
80685710,58.59,59.25,2009-06-15,SLB,SCHLUMBERGER LTD,5651.0,485.0
80685710,56.97,59.51,2009-06-16,SLB,SCHLUMBERGER LTD,5651.0,485.0
80685710,55.98,56.44,2009-06-17,SLB,SCHLUMBERGER LTD,5651.0,485.0
80685710,55.75,55.85,2009-06-18,SLB,SCHLUMBERGER LTD,5651.0,485.0
80685710,55.35,56.37,2009-06-19,SLB,SCHLUMBERGER LTD,5651.0,485.0
80685710,52.32,54.34,2009-06-22,SLB,SCHLUMBERGER LTD,5651.0,485.0
80685710,53.3,52.85,2009-06-23,SLB,SCHLUMBERGER LTD,5651.0,485.0
80685710,53.46,53.63,2009-06-24,SLB,SCHLUMBERGER LTD,5651.0,485.0
80685710,55.35,53.24,2009-06-25,SLB,SCHLUMBERGER LTD,5651.0,485.0
80685710,54.48,54.9,2009-06-26,SLB,SCHLUMBERGER LTD,5651.0,485.0
80685710,54.97,55.21,2009-06-29,SLB,SCHLUMBERGER LTD,5651.0,485.0
80685710,54.11,55.0,2009-06-30,SLB,SCHLUMBERGER LTD,5651.0,485.0
80685710,54.28,55.09,2009-07-01,SLB,SCHLUMBERGER LTD,5651.0,485.0
80685710,52.55,52.96,2009-07-02,SLB,SCHLUMBERGER LTD,5651.0,485.0
80685710,51.45,50.7,2009-07-06,SLB,SCHLUMBERGER LTD,5651.0,485.0
80685710,49.2,51.35,2009-07-07,SLB,SCHLUMBERGER LTD,5651.0,485.0
80685710,49.84,49.42,2009-07-08,SLB,SCHLUMBERGER LTD,5651.0,485.0
80685710,50.22,50.16,2009-07-09,SLB,SCHLUMBERGER LTD,5651.0,485.0
80685710,50.51,49.48,2009-07-10,SLB,SCHLUMBERGER LTD,5651.0,485.0
80685710,50.99,50.31,2009-07-13,SLB,SCHLUMBERGER LTD,5651.0,485.0
80685710,51.83,51.9,2009-07-14,SLB,SCHLUMBERGER LTD,5651.0,485.0
80685710,54.56,52.8,2009-07-15,SLB,SCHLUMBERGER LTD,5651.0,485.0
80685710,55.48,54.39,2009-07-16,SLB,SCHLUMBERGER LTD,5651.0,485.0
80685710,56.01,55.4,2009-07-17,SLB,SCHLUMBERGER LTD,5651.0,485.0
80685710,56.88,56.58,2009-07-20,SLB,SCHLUMBERGER LTD,5651.0,485.0
80685710,57.0,57.43,2009-07-21,SLB,SCHLUMBERGER LTD,5651.0,485.0
80685710,55.3,56.48,2009-07-22,SLB,SCHLUMBERGER LTD,5651.0,485.0
80685710,57.77,55.36,2009-07-23,SLB,SCHLUMBERGER LTD,5651.0,485.0
80685710,57.34,57.5,2009-07-24,SLB,SCHLUMBERGER LTD,5651.0,485.0
80685710,56.49,57.37,2009-07-27,SLB,SCHLUMBERGER LTD,5651.0,485.0
80685710,54.6,55.81,2009-07-28,SLB,SCHLUMBERGER LTD,5651.0,485.0
80685710,52.49,53.63,2009-07-29,SLB,SCHLUMBERGER LTD,5651.0,485.0
80685710,53.43,53.64,2009-07-30,SLB,SCHLUMBERGER LTD,5651.0,485.0
80685710,53.5,52.85,2009-07-31,SLB,SCHLUMBERGER LTD,5651.0,485.0
80685710,55.95,54.86,2009-08-03,SLB,SCHLUMBERGER LTD,5651.0,485.0
80685710,55.2,55.34,2009-08-04,SLB,SCHLUMBERGER LTD,5651.0,485.0
80685710,54.1,54.96,2009-08-05,SLB,SCHLUMBERGER LTD,5651.0,485.0
80685710,53.7,54.3,2009-08-06,SLB,SCHLUMBERGER LTD,5651.0,485.0
80685710,53.25,54.36,2009-08-07,SLB,SCHLUMBERGER LTD,5651.0,485.0
80685710,53.51,53.26,2009-08-10,SLB,SCHLUMBERGER LTD,5651.0,485.0
80685710,52.88,53.17,2009-08-11,SLB,SCHLUMBERGER LTD,5651.0,485.0
80685710,53.88,52.94,2009-08-12,SLB,SCHLUMBERGER LTD,5651.0,485.0
80685710,55.13,54.52,2009-08-13,SLB,SCHLUMBERGER LTD,5651.0,485.0
80685710,53.38,55.09,2009-08-14,SLB,SCHLUMBERGER LTD,5651.0,485.0
80685710,51.3,52.0,2009-08-17,SLB,SCHLUMBERGER LTD,5651.0,485.0
80685710,52.03,51.48,2009-08-18,SLB,SCHLUMBERGER LTD,5651.0,485.0
80685710,52.87,51.2,2009-08-19,SLB,SCHLUMBERGER LTD,5651.0,485.0
80685710,53.8,53.32,2009-08-20,SLB,SCHLUMBERGER LTD,5651.0,485.0
80685710,56.56,54.53,2009-08-21,SLB,SCHLUMBERGER LTD,5651.0,485.0
80685710,57.34,57.58,2009-08-24,SLB,SCHLUMBERGER LTD,5651.0,485.0
80685710,56.13,57.93,2009-08-25,SLB,SCHLUMBERGER LTD,5651.0,485.0
80685710,56.58,55.61,2009-08-26,SLB,SCHLUMBERGER LTD,5651.0,485.0
80685710,56.9,56.52,2009-08-27,SLB,SCHLUMBERGER LTD,5651.0,485.0
80685710,57.36,57.51,2009-08-28,SLB,SCHLUMBERGER LTD,5651.0,485.0
80685710,56.2,56.41,2009-08-31,SLB,SCHLUMBERGER LTD,5651.0,485.0
80685710,54.91,55.61,2009-09-01,SLB,SCHLUMBERGER LTD,5651.0,485.0
80685710,54.06,54.2,2009-09-02,SLB,SCHLUMBERGER LTD,5651.0,485.0
80685710,54.42,54.73,2009-09-03,SLB,SCHLUMBERGER LTD,5651.0,485.0
80685710,55.87,54.38,2009-09-04,SLB,SCHLUMBERGER LTD,5651.0,485.0
80685710,58.1,56.93,2009-09-08,SLB,SCHLUMBERGER LTD,5651.0,485.0
80685710,57.36,58.13,2009-09-09,SLB,SCHLUMBERGER LTD,5651.0,485.0
80685710,58.43,57.33,2009-09-10,SLB,SCHLUMBERGER LTD,5651.0,485.0
80685710,60.39,59.81,2009-09-11,SLB,SCHLUMBERGER LTD,5651.0,485.0
80685710,59.81,59.02,2009-09-14,SLB,SCHLUMBERGER LTD,5651.0,485.0
80685710,59.83,60.28,2009-09-15,SLB,SCHLUMBERGER LTD,5651.0,485.0
80685710,62.41,61.05,2009-09-16,SLB,SCHLUMBERGER LTD,5651.0,485.0
80685710,61.79,62.05,2009-09-17,SLB,SCHLUMBERGER LTD,5651.0,485.0
80685710,61.85,62.34,2009-09-18,SLB,SCHLUMBERGER LTD,5651.0,485.0
80685710,60.79,60.46,2009-09-21,SLB,SCHLUMBERGER LTD,5651.0,485.0
80685710,61.57,61.74,2009-09-22,SLB,SCHLUMBERGER LTD,5651.0,485.0
80685710,60.26,61.8,2009-09-23,SLB,SCHLUMBERGER LTD,5651.0,485.0
80685710,59.16,60.34,2009-09-24,SLB,SCHLUMBERGER LTD,5651.0,485.0
80685710,59.48,58.75,2009-09-25,SLB,SCHLUMBERGER LTD,5651.0,485.0
80685710,60.53,59.31,2009-09-28,SLB,SCHLUMBERGER LTD,5651.0,485.0
80685710,60.42,60.45,2009-09-29,SLB,SCHLUMBERGER LTD,5651.0,485.0
80685710,59.6,60.92,2009-09-30,SLB,SCHLUMBERGER LTD,5651.0,485.0
80685710,57.13,59.6,2009-10-01,SLB,SCHLUMBERGER LTD,5651.0,485.0
80685710,56.83,56.35,2009-10-02,SLB,SCHLUMBERGER LTD,5651.0,485.0
80685710,57.96,56.76,2009-10-05,SLB,SCHLUMBERGER LTD,5651.0,485.0
80685710,59.24,58.71,2009-10-06,SLB,SCHLUMBERGER LTD,5651.0,485.0
80685710,61.02,59.44,2009-10-07,SLB,SCHLUMBERGER LTD,5651.0,485.0
80685710,62.65,61.0,2009-10-08,SLB,SCHLUMBERGER LTD,5651.0,485.0
80685710,62.89,62.59,2009-10-09,SLB,SCHLUMBERGER LTD,5651.0,485.0
80685710,64.22,63.51,2009-10-12,SLB,SCHLUMBERGER LTD,5651.0,485.0
80685710,64.15,64.15,2009-10-13,SLB,SCHLUMBERGER LTD,5651.0,485.0
80685710,66.04,64.97,2009-10-14,SLB,SCHLUMBERGER LTD,5651.0,485.0
80685710,68.79,65.78,2009-10-15,SLB,SCHLUMBERGER LTD,5651.0,485.0
80685710,69.08,68.23,2009-10-16,SLB,SCHLUMBERGER LTD,5651.0,485.0
80685710,70.76,69.03,2009-10-19,SLB,SCHLUMBERGER LTD,5651.0,485.0
80685710,69.16,70.48,2009-10-20,SLB,SCHLUMBERGER LTD,5651.0,485.0
80685710,68.01,68.43,2009-10-21,SLB,SCHLUMBERGER LTD,5651.0,485.0
80685710,68.6,67.75,2009-10-22,SLB,SCHLUMBERGER LTD,5651.0,485.0
80685710,65.2,68.23,2009-10-23,SLB,SCHLUMBERGER LTD,5651.0,485.0
80685710,64.3,65.14,2009-10-26,SLB,SCHLUMBERGER LTD,5651.0,485.0
80685710,64.93,64.55,2009-10-27,SLB,SCHLUMBERGER LTD,5651.0,485.0
80685710,62.27,64.34,2009-10-28,SLB,SCHLUMBERGER LTD,5651.0,485.0
80685710,64.8,62.86,2009-10-29,SLB,SCHLUMBERGER LTD,5651.0,485.0
80685710,62.2,64.49,2009-10-30,SLB,SCHLUMBERGER LTD,5651.0,485.0
80685710,62.71,62.52,2009-11-02,SLB,SCHLUMBERGER LTD,5651.0,485.0
80685710,64.47,62.12,2009-11-03,SLB,SCHLUMBERGER LTD,5651.0,485.0
80685710,64.3,64.75,2009-11-04,SLB,SCHLUMBERGER LTD,5651.0,485.0
80685710,65.1,64.88,2009-11-05,SLB,SCHLUMBERGER LTD,5651.0,485.0
80685710,64.4,64.35,2009-11-06,SLB,SCHLUMBERGER LTD,5651.0,485.0
80685710,65.13,65.75,2009-11-09,SLB,SCHLUMBERGER LTD,5651.0,485.0
80685710,65.38,64.88,2009-11-10,SLB,SCHLUMBERGER LTD,5651.0,485.0
80685710,66.14,65.82,2009-11-11,SLB,SCHLUMBERGER LTD,5651.0,485.0
80685710,64.6,65.67,2009-11-12,SLB,SCHLUMBERGER LTD,5651.0,485.0
80685710,65.52,64.23,2009-11-13,SLB,SCHLUMBERGER LTD,5651.0,485.0
80685710,67.89,66.55,2009-11-16,SLB,SCHLUMBERGER LTD,5651.0,485.0
80685710,67.09,67.3,2009-11-17,SLB,SCHLUMBERGER LTD,5651.0,485.0
80685710,66.71,67.35,2009-11-18,SLB,SCHLUMBERGER LTD,5651.0,485.0
80685710,64.54,66.25,2009-11-19,SLB,SCHLUMBERGER LTD,5651.0,485.0
80685710,63.34,64.22,2009-11-20,SLB,SCHLUMBERGER LTD,5651.0,485.0
80685710,64.63,64.98,2009-11-23,SLB,SCHLUMBERGER LTD,5651.0,485.0
80685710,65.56,64.37,2009-11-24,SLB,SCHLUMBERGER LTD,5651.0,485.0
80685710,65.03,65.17,2009-11-25,SLB,SCHLUMBERGER LTD,5651.0,485.0
80685710,63.14,62.63,2009-11-27,SLB,SCHLUMBERGER LTD,5651.0,485.0
80685710,63.89,62.5,2009-11-30,SLB,SCHLUMBERGER LTD,5651.0,485.0
80685710,64.65,64.65,2009-12-01,SLB,SCHLUMBERGER LTD,5651.0,485.0
80685710,63.99,64.35,2009-12-02,SLB,SCHLUMBERGER LTD,5651.0,485.0
80685710,62.2,63.75,2009-12-03,SLB,SCHLUMBERGER LTD,5651.0,485.0
80685710,61.37,63.19,2009-12-04,SLB,SCHLUMBERGER LTD,5651.0,485.0
80685710,61.36,61.01,2009-12-07,SLB,SCHLUMBERGER LTD,5651.0,485.0
80685710,60.0,61.01,2009-12-08,SLB,SCHLUMBERGER LTD,5651.0,485.0
80685710,60.02,60.25,2009-12-09,SLB,SCHLUMBERGER LTD,5651.0,485.0
80685710,61.48,60.69,2009-12-10,SLB,SCHLUMBERGER LTD,5651.0,485.0
80685710,61.38,61.71,2009-12-11,SLB,SCHLUMBERGER LTD,5651.0,485.0
80685710,61.97,62.07,2009-12-14,SLB,SCHLUMBERGER LTD,5651.0,485.0
80685710,62.24,62.12,2009-12-15,SLB,SCHLUMBERGER LTD,5651.0,485.0
80685710,63.53,62.55,2009-12-16,SLB,SCHLUMBERGER LTD,5651.0,485.0
80685710,62.57,63.06,2009-12-17,SLB,SCHLUMBERGER LTD,5651.0,485.0
80685710,62.95,63.2,2009-12-18,SLB,SCHLUMBERGER LTD,5651.0,485.0
80685710,63.77,63.45,2009-12-21,SLB,SCHLUMBERGER LTD,5651.0,485.0
80685710,63.98,64.04,2009-12-22,SLB,SCHLUMBERGER LTD,5651.0,485.0
80685710,65.23,65.0,2009-12-23,SLB,SCHLUMBERGER LTD,5651.0,485.0
80685710,65.35,65.41,2009-12-24,SLB,SCHLUMBERGER LTD,5651.0,485.0
80685710,65.72,65.96,2009-12-28,SLB,SCHLUMBERGER LTD,5651.0,485.0
80685710,65.2,66.0,2009-12-29,SLB,SCHLUMBERGER LTD,5651.0,485.0
80685710,65.56,64.95,2009-12-30,SLB,SCHLUMBERGER LTD,5651.0,485.0
80685710,65.09,65.64,2009-12-31,SLB,SCHLUMBERGER LTD,5651.0,485.0
80685710,67.11,66.39,2010-01-04,SLB,SCHLUMBERGER LTD,5651.0,485.0
80685710,67.3,66.99,2010-01-05,SLB,SCHLUMBERGER LTD,5651.0,485.0
80685710,68.8,67.17,2010-01-06,SLB,SCHLUMBERGER LTD,5651.0,485.0
80685710,69.51,68.49,2010-01-07,SLB,SCHLUMBERGER LTD,5651.0,485.0
80685710,70.65,69.19,2010-01-08,SLB,SCHLUMBERGER LTD,5651.0,485.0
80685710,70.65,71.3,2010-01-11,SLB,SCHLUMBERGER LTD,5651.0,485.0
80685710,69.59,69.2,2010-01-12,SLB,SCHLUMBERGER LTD,5651.0,485.0
80685710,70.85,69.71,2010-01-13,SLB,SCHLUMBERGER LTD,5651.0,485.0
80685710,71.29,70.11,2010-01-14,SLB,SCHLUMBERGER LTD,5651.0,485.0
80685710,70.83,71.22,2010-01-15,SLB,SCHLUMBERGER LTD,5651.0,485.0
80685710,70.93,69.87,2010-01-19,SLB,SCHLUMBERGER LTD,5651.0,485.0
80685710,69.09,69.77,2010-01-20,SLB,SCHLUMBERGER LTD,5651.0,485.0
80685710,68.31,69.02,2010-01-21,SLB,SCHLUMBERGER LTD,5651.0,485.0
80685710,65.24,67.39,2010-01-22,SLB,SCHLUMBERGER LTD,5651.0,485.0
80685710,65.81,65.69,2010-01-25,SLB,SCHLUMBERGER LTD,5651.0,485.0
80685710,65.75,65.25,2010-01-26,SLB,SCHLUMBERGER LTD,5651.0,485.0
80685710,65.7,65.46,2010-01-27,SLB,SCHLUMBERGER LTD,5651.0,485.0
80685710,64.63,66.12,2010-01-28,SLB,SCHLUMBERGER LTD,5651.0,485.0
80685710,63.46,65.4,2010-01-29,SLB,SCHLUMBERGER LTD,5651.0,485.0
80685710,64.79,64.3,2010-02-01,SLB,SCHLUMBERGER LTD,5651.0,485.0
80685710,66.12,65.5,2010-02-02,SLB,SCHLUMBERGER LTD,5651.0,485.0
80685710,65.99,65.72,2010-02-03,SLB,SCHLUMBERGER LTD,5651.0,485.0
80685710,62.5,64.99,2010-02-04,SLB,SCHLUMBERGER LTD,5651.0,485.0
80685710,62.06,62.61,2010-02-05,SLB,SCHLUMBERGER LTD,5651.0,485.0
80685710,62.12,62.23,2010-02-08,SLB,SCHLUMBERGER LTD,5651.0,485.0
80685710,63.76,63.13,2010-02-09,SLB,SCHLUMBERGER LTD,5651.0,485.0
80685710,63.65,63.61,2010-02-10,SLB,SCHLUMBERGER LTD,5651.0,485.0
80685710,64.76,63.56,2010-02-11,SLB,SCHLUMBERGER LTD,5651.0,485.0
80685710,64.3,63.7,2010-02-12,SLB,SCHLUMBERGER LTD,5651.0,485.0
80685710,65.65,65.33,2010-02-16,SLB,SCHLUMBERGER LTD,5651.0,485.0
80685710,65.43,65.83,2010-02-17,SLB,SCHLUMBERGER LTD,5651.0,485.0
80685710,65.81,65.88,2010-02-18,SLB,SCHLUMBERGER LTD,5651.0,485.0
80685710,63.9,63.36,2010-02-19,SLB,SCHLUMBERGER LTD,5651.0,485.0
80685710,61.57,60.09,2010-02-22,SLB,SCHLUMBERGER LTD,5651.0,485.0
80685710,60.88,61.5,2010-02-23,SLB,SCHLUMBERGER LTD,5651.0,485.0
80685710,60.91,61.13,2010-02-24,SLB,SCHLUMBERGER LTD,5651.0,485.0
80685710,60.81,60.09,2010-02-25,SLB,SCHLUMBERGER LTD,5651.0,485.0
80685710,61.1,61.13,2010-02-26,SLB,SCHLUMBERGER LTD,5651.0,485.0
80685710,61.42,61.83,2010-03-01,SLB,SCHLUMBERGER LTD,5651.0,485.0
80685710,62.81,61.59,2010-03-02,SLB,SCHLUMBERGER LTD,5651.0,485.0
80685710,63.23,63.39,2010-03-03,SLB,SCHLUMBERGER LTD,5651.0,485.0
80685710,62.88,63.24,2010-03-04,SLB,SCHLUMBERGER LTD,5651.0,485.0
80685710,63.81,63.41,2010-03-05,SLB,SCHLUMBERGER LTD,5651.0,485.0
80685710,64.48,63.83,2010-03-08,SLB,SCHLUMBERGER LTD,5651.0,485.0
80685710,64.1,64.04,2010-03-09,SLB,SCHLUMBERGER LTD,5651.0,485.0
80685710,64.2,64.01,2010-03-10,SLB,SCHLUMBERGER LTD,5651.0,485.0
80685710,63.9,64.06,2010-03-11,SLB,SCHLUMBERGER LTD,5651.0,485.0
80685710,64.54,64.17,2010-03-12,SLB,SCHLUMBERGER LTD,5651.0,485.0
80685710,64.31,64.1,2010-03-15,SLB,SCHLUMBERGER LTD,5651.0,485.0
80685710,65.52,64.81,2010-03-16,SLB,SCHLUMBERGER LTD,5651.0,485.0
80685710,66.6,65.77,2010-03-17,SLB,SCHLUMBERGER LTD,5651.0,485.0
80685710,65.25,66.5,2010-03-18,SLB,SCHLUMBERGER LTD,5651.0,485.0
80685710,64.32,65.43,2010-03-19,SLB,SCHLUMBERGER LTD,5651.0,485.0
80685710,63.49,62.7,2010-03-22,SLB,SCHLUMBERGER LTD,5651.0,485.0
80685710,63.03,63.53,2010-03-23,SLB,SCHLUMBERGER LTD,5651.0,485.0
80685710,62.21,62.41,2010-03-24,SLB,SCHLUMBERGER LTD,5651.0,485.0
80685710,60.76,62.85,2010-03-25,SLB,SCHLUMBERGER LTD,5651.0,485.0
80685710,61.67,61.12,2010-03-26,SLB,SCHLUMBERGER LTD,5651.0,485.0
80685710,63.07,62.32,2010-03-29,SLB,SCHLUMBERGER LTD,5651.0,485.0
80685710,63.05,63.3,2010-03-30,SLB,SCHLUMBERGER LTD,5651.0,485.0
80685710,63.46,63.43,2010-03-31,SLB,SCHLUMBERGER LTD,5651.0,485.0
80685710,64.57,64.24,2010-04-01,SLB,SCHLUMBERGER LTD,5651.0,485.0
80685710,65.77,65.03,2010-04-05,SLB,SCHLUMBERGER LTD,5651.0,485.0
80685710,66.79,65.89,2010-04-06,SLB,SCHLUMBERGER LTD,5651.0,485.0
80685710,66.04,66.85,2010-04-07,SLB,SCHLUMBERGER LTD,5651.0,485.0
80685710,66.62,65.48,2010-04-08,SLB,SCHLUMBERGER LTD,5651.0,485.0
80685710,66.53,67.07,2010-04-09,SLB,SCHLUMBERGER LTD,5651.0,485.0
80685710,66.31,66.2,2010-04-12,SLB,SCHLUMBERGER LTD,5651.0,485.0
80685710,65.51,66.4,2010-04-13,SLB,SCHLUMBERGER LTD,5651.0,485.0
80685710,67.1,66.0,2010-04-14,SLB,SCHLUMBERGER LTD,5651.0,485.0
80685710,67.21,67.01,2010-04-15,SLB,SCHLUMBERGER LTD,5651.0,485.0
80685710,65.8,66.46,2010-04-16,SLB,SCHLUMBERGER LTD,5651.0,485.0
80685710,65.24,65.18,2010-04-19,SLB,SCHLUMBERGER LTD,5651.0,485.0
80685710,67.85,66.4,2010-04-20,SLB,SCHLUMBERGER LTD,5651.0,485.0
80685710,68.02,67.89,2010-04-21,SLB,SCHLUMBERGER LTD,5651.0,485.0
80685710,68.18,67.26,2010-04-22,SLB,SCHLUMBERGER LTD,5651.0,485.0
80685710,72.68,70.14,2010-04-23,SLB,SCHLUMBERGER LTD,5651.0,485.0
80685710,72.69,72.6,2010-04-26,SLB,SCHLUMBERGER LTD,5651.0,485.0
80685710,70.31,72.39,2010-04-27,SLB,SCHLUMBERGER LTD,5651.0,485.0
80685710,71.01,70.77,2010-04-28,SLB,SCHLUMBERGER LTD,5651.0,485.0
80685710,73.15,72.27,2010-04-29,SLB,SCHLUMBERGER LTD,5651.0,485.0
80685710,71.42,73.33,2010-04-30,SLB,SCHLUMBERGER LTD,5651.0,485.0
80685710,71.31,71.12,2010-05-03,SLB,SCHLUMBERGER LTD,5651.0,485.0
80685710,68.95,69.55,2010-05-04,SLB,SCHLUMBERGER LTD,5651.0,485.0
80685710,67.3,67.36,2010-05-05,SLB,SCHLUMBERGER LTD,5651.0,485.0
80685710,65.35,67.12,2010-05-06,SLB,SCHLUMBERGER LTD,5651.0,485.0
80685710,62.86,64.59,2010-05-07,SLB,SCHLUMBERGER LTD,5651.0,485.0
80685710,66.83,65.52,2010-05-10,SLB,SCHLUMBERGER LTD,5651.0,485.0
80685710,66.84,66.03,2010-05-11,SLB,SCHLUMBERGER LTD,5651.0,485.0
80685710,66.65,67.31,2010-05-12,SLB,SCHLUMBERGER LTD,5651.0,485.0
80685710,66.94,67.07,2010-05-13,SLB,SCHLUMBERGER LTD,5651.0,485.0
80685710,64.88,66.54,2010-05-14,SLB,SCHLUMBERGER LTD,5651.0,485.0
80685710,64.15,65.22,2010-05-17,SLB,SCHLUMBERGER LTD,5651.0,485.0
80685710,63.74,65.11,2010-05-18,SLB,SCHLUMBERGER LTD,5651.0,485.0
80685710,62.59,63.45,2010-05-19,SLB,SCHLUMBERGER LTD,5651.0,485.0
80685710,59.22,60.92,2010-05-20,SLB,SCHLUMBERGER LTD,5651.0,485.0
80685710,60.5,57.79,2010-05-21,SLB,SCHLUMBERGER LTD,5651.0,485.0
80685710,57.6,60.13,2010-05-24,SLB,SCHLUMBERGER LTD,5651.0,485.0
80685710,58.46,56.05,2010-05-25,SLB,SCHLUMBERGER LTD,5651.0,485.0
80685710,58.75,59.33,2010-05-26,SLB,SCHLUMBERGER LTD,5651.0,485.0
80685710,60.02,60.58,2010-05-27,SLB,SCHLUMBERGER LTD,5651.0,485.0
80685710,56.15,59.48,2010-05-28,SLB,SCHLUMBERGER LTD,5651.0,485.0
80685710,51.75,54.45,2010-06-01,SLB,SCHLUMBERGER LTD,5651.0,485.0
80685710,56.31,53.72,2010-06-02,SLB,SCHLUMBERGER LTD,5651.0,485.0
80685710,56.63,57.33,2010-06-03,SLB,SCHLUMBERGER LTD,5651.0,485.0
80685710,55.74,55.7,2010-06-04,SLB,SCHLUMBERGER LTD,5651.0,485.0
80685710,54.23,55.87,2010-06-07,SLB,SCHLUMBERGER LTD,5651.0,485.0
80685710,55.56,54.43,2010-06-08,SLB,SCHLUMBERGER LTD,5651.0,485.0
80685710,55.47,56.35,2010-06-09,SLB,SCHLUMBERGER LTD,5651.0,485.0
80685710,59.17,57.79,2010-06-10,SLB,SCHLUMBERGER LTD,5651.0,485.0
80685710,59.48,58.44,2010-06-11,SLB,SCHLUMBERGER LTD,5651.0,485.0
80685710,58.66,60.4,2010-06-14,SLB,SCHLUMBERGER LTD,5651.0,485.0
80685710,60.87,59.71,2010-06-15,SLB,SCHLUMBERGER LTD,5651.0,485.0
80685710,60.81,59.79,2010-06-16,SLB,SCHLUMBERGER LTD,5651.0,485.0
80685710,61.36,61.36,2010-06-17,SLB,SCHLUMBERGER LTD,5651.0,485.0
80685710,60.53,61.14,2010-06-18,SLB,SCHLUMBERGER LTD,5651.0,485.0
80685710,60.33,61.64,2010-06-21,SLB,SCHLUMBERGER LTD,5651.0,485.0
80685710,58.26,60.33,2010-06-22,SLB,SCHLUMBERGER LTD,5651.0,485.0
80685710,58.33,58.23,2010-06-23,SLB,SCHLUMBERGER LTD,5651.0,485.0
80685710,57.14,58.04,2010-06-24,SLB,SCHLUMBERGER LTD,5651.0,485.0
80685710,58.22,57.36,2010-06-25,SLB,SCHLUMBERGER LTD,5651.0,485.0
80685710,57.34,57.85,2010-06-28,SLB,SCHLUMBERGER LTD,5651.0,485.0
80685710,55.08,56.12,2010-06-29,SLB,SCHLUMBERGER LTD,5651.0,485.0
80685710,55.34,55.34,2010-06-30,SLB,SCHLUMBERGER LTD,5651.0,485.0
80685710,55.26,55.29,2010-07-01,SLB,SCHLUMBERGER LTD,5651.0,485.0
80685710,54.96,55.26,2010-07-02,SLB,SCHLUMBERGER LTD,5651.0,485.0
80685710,55.54,56.15,2010-07-06,SLB,SCHLUMBERGER LTD,5651.0,485.0
80685710,57.54,55.68,2010-07-07,SLB,SCHLUMBERGER LTD,5651.0,485.0
80685710,58.54,58.36,2010-07-08,SLB,SCHLUMBERGER LTD,5651.0,485.0
80685710,58.56,58.6,2010-07-09,SLB,SCHLUMBERGER LTD,5651.0,485.0
80685710,58.25,58.42,2010-07-12,SLB,SCHLUMBERGER LTD,5651.0,485.0
80685710,58.62,59.1,2010-07-13,SLB,SCHLUMBERGER LTD,5651.0,485.0
80685710,58.89,58.4,2010-07-14,SLB,SCHLUMBERGER LTD,5651.0,485.0
80685710,58.67,58.92,2010-07-15,SLB,SCHLUMBERGER LTD,5651.0,485.0
80685710,56.68,58.5,2010-07-16,SLB,SCHLUMBERGER LTD,5651.0,485.0
80685710,59.15,57.77,2010-07-19,SLB,SCHLUMBERGER LTD,5651.0,485.0
80685710,61.04,58.49,2010-07-20,SLB,SCHLUMBERGER LTD,5651.0,485.0
80685710,59.59,61.25,2010-07-21,SLB,SCHLUMBERGER LTD,5651.0,485.0
80685710,61.3,60.5,2010-07-22,SLB,SCHLUMBERGER LTD,5651.0,485.0
80685710,59.35,59.08,2010-07-23,SLB,SCHLUMBERGER LTD,5651.0,485.0
80685710,58.85,59.65,2010-07-26,SLB,SCHLUMBERGER LTD,5651.0,485.0
80685710,58.93,59.25,2010-07-27,SLB,SCHLUMBERGER LTD,5651.0,485.0
80685710,59.73,58.92,2010-07-28,SLB,SCHLUMBERGER LTD,5651.0,485.0
80685710,59.81,60.15,2010-07-29,SLB,SCHLUMBERGER LTD,5651.0,485.0
80685710,59.66,58.91,2010-07-30,SLB,SCHLUMBERGER LTD,5651.0,485.0
80685710,62.74,60.96,2010-08-02,SLB,SCHLUMBERGER LTD,5651.0,485.0
80685710,62.86,61.84,2010-08-03,SLB,SCHLUMBERGER LTD,5651.0,485.0
80685710,62.92,62.87,2010-08-04,SLB,SCHLUMBERGER LTD,5651.0,485.0
80685710,63.26,62.63,2010-08-05,SLB,SCHLUMBERGER LTD,5651.0,485.0
80685710,62.34,62.76,2010-08-06,SLB,SCHLUMBERGER LTD,5651.0,485.0
80685710,62.75,62.84,2010-08-09,SLB,SCHLUMBERGER LTD,5651.0,485.0
80685710,62.15,61.9,2010-08-10,SLB,SCHLUMBERGER LTD,5651.0,485.0
80685710,60.06,60.98,2010-08-11,SLB,SCHLUMBERGER LTD,5651.0,485.0
80685710,59.3,58.73,2010-08-12,SLB,SCHLUMBERGER LTD,5651.0,485.0
80685710,58.76,59.0,2010-08-13,SLB,SCHLUMBERGER LTD,5651.0,485.0
80685710,59.37,58.51,2010-08-16,SLB,SCHLUMBERGER LTD,5651.0,485.0
80685710,60.31,60.0,2010-08-17,SLB,SCHLUMBERGER LTD,5651.0,485.0
80685710,59.18,60.07,2010-08-18,SLB,SCHLUMBERGER LTD,5651.0,485.0
80685710,57.82,59.05,2010-08-19,SLB,SCHLUMBERGER LTD,5651.0,485.0
80685710,56.46,57.15,2010-08-20,SLB,SCHLUMBERGER LTD,5651.0,485.0
80685710,55.82,55.63,2010-08-23,SLB,SCHLUMBERGER LTD,5651.0,485.0
80685710,54.77,54.86,2010-08-24,SLB,SCHLUMBERGER LTD,5651.0,485.0
80685710,54.69,54.71,2010-08-25,SLB,SCHLUMBERGER LTD,5651.0,485.0
80685710,53.46,55.19,2010-08-26,SLB,SCHLUMBERGER LTD,5651.0,485.0
80685710,55.76,53.92,2010-08-27,SLB,SCHLUMBERGER LTD,5651.0,485.0
80685710,54.17,55.61,2010-08-30,SLB,SCHLUMBERGER LTD,5651.0,485.0
80685710,53.33,53.91,2010-08-31,SLB,SCHLUMBERGER LTD,5651.0,485.0
80685710,55.18,54.1,2010-09-01,SLB,SCHLUMBERGER LTD,5651.0,485.0
80685710,56.42,55.53,2010-09-02,SLB,SCHLUMBERGER LTD,5651.0,485.0
80685710,57.37,57.17,2010-09-03,SLB,SCHLUMBERGER LTD,5651.0,485.0
80685710,57.13,57.43,2010-09-07,SLB,SCHLUMBERGER LTD,5651.0,485.0
80685710,58.34,57.28,2010-09-08,SLB,SCHLUMBERGER LTD,5651.0,485.0
80685710,58.53,59.15,2010-09-09,SLB,SCHLUMBERGER LTD,5651.0,485.0
80685710,59.31,59.14,2010-09-10,SLB,SCHLUMBERGER LTD,5651.0,485.0
80685710,60.15,59.93,2010-09-13,SLB,SCHLUMBERGER LTD,5651.0,485.0
80685710,58.85,59.98,2010-09-14,SLB,SCHLUMBERGER LTD,5651.0,485.0
80685710,58.19,58.52,2010-09-15,SLB,SCHLUMBERGER LTD,5651.0,485.0
80685710,58.18,58.0,2010-09-16,SLB,SCHLUMBERGER LTD,5651.0,485.0
80685710,58.1,58.67,2010-09-17,SLB,SCHLUMBERGER LTD,5651.0,485.0
80685710,58.84,58.21,2010-09-20,SLB,SCHLUMBERGER LTD,5651.0,485.0
80685710,59.29,58.85,2010-09-21,SLB,SCHLUMBERGER LTD,5651.0,485.0
80685710,58.98,59.4,2010-09-22,SLB,SCHLUMBERGER LTD,5651.0,485.0
80685710,58.11,58.11,2010-09-23,SLB,SCHLUMBERGER LTD,5651.0,485.0
80685710,60.64,59.12,2010-09-24,SLB,SCHLUMBERGER LTD,5651.0,485.0
80685710,59.86,61.03,2010-09-27,SLB,SCHLUMBERGER LTD,5651.0,485.0
80685710,60.29,59.97,2010-09-28,SLB,SCHLUMBERGER LTD,5651.0,485.0
80685710,61.52,60.37,2010-09-29,SLB,SCHLUMBERGER LTD,5651.0,485.0
80685710,61.61,62.21,2010-09-30,SLB,SCHLUMBERGER LTD,5651.0,485.0
80685710,62.43,62.37,2010-10-01,SLB,SCHLUMBERGER LTD,5651.0,485.0
80685710,61.2,62.28,2010-10-04,SLB,SCHLUMBERGER LTD,5651.0,485.0
80685710,62.96,62.14,2010-10-05,SLB,SCHLUMBERGER LTD,5651.0,485.0
80685710,63.13,62.81,2010-10-06,SLB,SCHLUMBERGER LTD,5651.0,485.0
80685710,62.99,63.68,2010-10-07,SLB,SCHLUMBERGER LTD,5651.0,485.0
80685710,63.56,62.74,2010-10-08,SLB,SCHLUMBERGER LTD,5651.0,485.0
80685710,63.5,63.39,2010-10-11,SLB,SCHLUMBERGER LTD,5651.0,485.0
80685710,62.66,63.16,2010-10-12,SLB,SCHLUMBERGER LTD,5651.0,485.0
80685710,64.62,63.49,2010-10-13,SLB,SCHLUMBERGER LTD,5651.0,485.0
80685710,64.26,64.73,2010-10-14,SLB,SCHLUMBERGER LTD,5651.0,485.0
80685710,64.5,64.71,2010-10-15,SLB,SCHLUMBERGER LTD,5651.0,485.0
80685710,64.51,63.9,2010-10-18,SLB,SCHLUMBERGER LTD,5651.0,485.0
80685710,63.14,63.62,2010-10-19,SLB,SCHLUMBERGER LTD,5651.0,485.0
80685710,64.29,63.44,2010-10-20,SLB,SCHLUMBERGER LTD,5651.0,485.0
80685710,64.31,64.5,2010-10-21,SLB,SCHLUMBERGER LTD,5651.0,485.0
80685710,67.77,66.07,2010-10-22,SLB,SCHLUMBERGER LTD,5651.0,485.0
80685710,68.53,68.53,2010-10-25,SLB,SCHLUMBERGER LTD,5651.0,485.0
80685710,69.11,68.44,2010-10-26,SLB,SCHLUMBERGER LTD,5651.0,485.0
80685710,69.24,68.24,2010-10-27,SLB,SCHLUMBERGER LTD,5651.0,485.0
80685710,69.78,69.59,2010-10-28,SLB,SCHLUMBERGER LTD,5651.0,485.0
80685710,69.89,69.49,2010-10-29,SLB,SCHLUMBERGER LTD,5651.0,485.0
80685710,70.17,70.44,2010-11-01,SLB,SCHLUMBERGER LTD,5651.0,485.0
80685710,71.47,70.87,2010-11-02,SLB,SCHLUMBERGER LTD,5651.0,485.0
80685710,72.21,71.7,2010-11-03,SLB,SCHLUMBERGER LTD,5651.0,485.0
80685710,75.8,73.84,2010-11-04,SLB,SCHLUMBERGER LTD,5651.0,485.0
80685710,75.66,75.45,2010-11-05,SLB,SCHLUMBERGER LTD,5651.0,485.0
80685710,74.84,75.39,2010-11-08,SLB,SCHLUMBERGER LTD,5651.0,485.0
80685710,73.92,75.1,2010-11-09,SLB,SCHLUMBERGER LTD,5651.0,485.0
80685710,74.65,73.83,2010-11-10,SLB,SCHLUMBERGER LTD,5651.0,485.0
80685710,75.02,73.99,2010-11-11,SLB,SCHLUMBERGER LTD,5651.0,485.0
80685710,74.11,73.59,2010-11-12,SLB,SCHLUMBERGER LTD,5651.0,485.0
80685710,74.3,74.31,2010-11-15,SLB,SCHLUMBERGER LTD,5651.0,485.0
80685710,73.18,72.95,2010-11-16,SLB,SCHLUMBERGER LTD,5651.0,485.0
80685710,74.4,72.74,2010-11-17,SLB,SCHLUMBERGER LTD,5651.0,485.0
80685710,75.5,75.18,2010-11-18,SLB,SCHLUMBERGER LTD,5651.0,485.0
80685710,76.43,75.49,2010-11-19,SLB,SCHLUMBERGER LTD,5651.0,485.0
80685710,76.4,75.9,2010-11-22,SLB,SCHLUMBERGER LTD,5651.0,485.0
80685710,75.44,75.42,2010-11-23,SLB,SCHLUMBERGER LTD,5651.0,485.0
80685710,77.15,75.74,2010-11-24,SLB,SCHLUMBERGER LTD,5651.0,485.0
80685710,75.98,76.13,2010-11-26,SLB,SCHLUMBERGER LTD,5651.0,485.0
80685710,77.0,75.9,2010-11-29,SLB,SCHLUMBERGER LTD,5651.0,485.0
80685710,77.34,75.44,2010-11-30,SLB,SCHLUMBERGER LTD,5651.0,485.0
80685710,80.85,78.3,2010-12-01,SLB,SCHLUMBERGER LTD,5651.0,485.0
80685710,80.74,80.56,2010-12-02,SLB,SCHLUMBERGER LTD,5651.0,485.0
80685710,82.74,79.67,2010-12-03,SLB,SCHLUMBERGER LTD,5651.0,485.0
80685710,82.86,82.74,2010-12-06,SLB,SCHLUMBERGER LTD,5651.0,485.0
80685710,81.0,83.89,2010-12-07,SLB,SCHLUMBERGER LTD,5651.0,485.0
80685710,80.9,81.18,2010-12-08,SLB,SCHLUMBERGER LTD,5651.0,485.0
80685710,81.24,82.03,2010-12-09,SLB,SCHLUMBERGER LTD,5651.0,485.0
80685710,81.54,81.02,2010-12-10,SLB,SCHLUMBERGER LTD,5651.0,485.0
80685710,82.43,82.31,2010-12-13,SLB,SCHLUMBERGER LTD,5651.0,485.0
80685710,81.33,82.43,2010-12-14,SLB,SCHLUMBERGER LTD,5651.0,485.0
80685710,80.72,80.6,2010-12-15,SLB,SCHLUMBERGER LTD,5651.0,485.0
80685710,81.13,80.58,2010-12-16,SLB,SCHLUMBERGER LTD,5651.0,485.0
80685710,81.34,81.01,2010-12-17,SLB,SCHLUMBERGER LTD,5651.0,485.0
80685710,82.18,81.54,2010-12-20,SLB,SCHLUMBERGER LTD,5651.0,485.0
80685710,82.44,82.32,2010-12-21,SLB,SCHLUMBERGER LTD,5651.0,485.0
80685710,82.81,82.78,2010-12-22,SLB,SCHLUMBERGER LTD,5651.0,485.0
80685710,82.52,82.55,2010-12-23,SLB,SCHLUMBERGER LTD,5651.0,485.0
80685710,82.42,81.85,2010-12-27,SLB,SCHLUMBERGER LTD,5651.0,485.0
80685710,82.21,82.19,2010-12-28,SLB,SCHLUMBERGER LTD,5651.0,485.0
80685710,83.63,82.27,2010-12-29,SLB,SCHLUMBERGER LTD,5651.0,485.0
80685710,83.36,83.71,2010-12-30,SLB,SCHLUMBERGER LTD,5651.0,485.0
80685710,83.5,83.32,2010-12-31,SLB,SCHLUMBERGER LTD,5651.0,485.0
80685710,83.65,84.0,2011-01-03,SLB,SCHLUMBERGER LTD,5651.0,485.0
80685710,81.63,83.81,2011-01-04,SLB,SCHLUMBERGER LTD,5651.0,485.0
80685710,82.59,80.94,2011-01-05,SLB,SCHLUMBERGER LTD,5651.0,485.0
80685710,80.53,82.6,2011-01-06,SLB,SCHLUMBERGER LTD,5651.0,485.0
80685710,81.56,80.56,2011-01-07,SLB,SCHLUMBERGER LTD,5651.0,485.0
80685710,80.68,80.93,2011-01-10,SLB,SCHLUMBERGER LTD,5651.0,485.0
80685710,82.26,81.41,2011-01-11,SLB,SCHLUMBERGER LTD,5651.0,485.0
80685710,84.45,82.93,2011-01-12,SLB,SCHLUMBERGER LTD,5651.0,485.0
80685710,84.6,84.3,2011-01-13,SLB,SCHLUMBERGER LTD,5651.0,485.0
80685710,86.91,84.58,2011-01-14,SLB,SCHLUMBERGER LTD,5651.0,485.0
80685710,86.76,86.59,2011-01-18,SLB,SCHLUMBERGER LTD,5651.0,485.0
80685710,86.26,87.08,2011-01-19,SLB,SCHLUMBERGER LTD,5651.0,485.0
80685710,85.28,84.59,2011-01-20,SLB,SCHLUMBERGER LTD,5651.0,485.0
80685710,83.48,87.4,2011-01-21,SLB,SCHLUMBERGER LTD,5651.0,485.0
80685710,84.25,84.0,2011-01-24,SLB,SCHLUMBERGER LTD,5651.0,485.0
80685710,83.25,84.26,2011-01-25,SLB,SCHLUMBERGER LTD,5651.0,485.0
80685710,87.45,83.99,2011-01-26,SLB,SCHLUMBERGER LTD,5651.0,485.0
80685710,85.98,87.35,2011-01-27,SLB,SCHLUMBERGER LTD,5651.0,485.0
80685710,86.67,87.4,2011-01-28,SLB,SCHLUMBERGER LTD,5651.0,485.0
80685710,88.99,86.41,2011-01-31,SLB,SCHLUMBERGER LTD,5651.0,485.0
80685710,89.64,89.48,2011-02-01,SLB,SCHLUMBERGER LTD,5651.0,485.0
80685710,89.08,89.44,2011-02-02,SLB,SCHLUMBERGER LTD,5651.0,485.0
80685710,89.43,89.4,2011-02-03,SLB,SCHLUMBERGER LTD,5651.0,485.0
80685710,89.33,89.59,2011-02-04,SLB,SCHLUMBERGER LTD,5651.0,485.0
80685710,89.83,89.62,2011-02-07,SLB,SCHLUMBERGER LTD,5651.0,485.0
80685710,89.06,89.37,2011-02-08,SLB,SCHLUMBERGER LTD,5651.0,485.0
80685710,88.49,88.39,2011-02-09,SLB,SCHLUMBERGER LTD,5651.0,485.0
80685710,90.63,88.59,2011-02-10,SLB,SCHLUMBERGER LTD,5651.0,485.0
80685710,90.37,89.99,2011-02-11,SLB,SCHLUMBERGER LTD,5651.0,485.0
80685710,92.24,90.21,2011-02-14,SLB,SCHLUMBERGER LTD,5651.0,485.0
80685710,92.34,92.09,2011-02-15,SLB,SCHLUMBERGER LTD,5651.0,485.0
80685710,94.01,92.36,2011-02-16,SLB,SCHLUMBERGER LTD,5651.0,485.0
80685710,94.37,92.46,2011-02-17,SLB,SCHLUMBERGER LTD,5651.0,485.0
80685710,95.04,94.75,2011-02-18,SLB,SCHLUMBERGER LTD,5651.0,485.0
80685710,92.91,95.0,2011-02-22,SLB,SCHLUMBERGER LTD,5651.0,485.0
80685710,92.9,92.2,2011-02-23,SLB,SCHLUMBERGER LTD,5651.0,485.0
80685710,89.65,91.85,2011-02-24,SLB,SCHLUMBERGER LTD,5651.0,485.0
80685710,92.85,90.63,2011-02-25,SLB,SCHLUMBERGER LTD,5651.0,485.0
80685710,93.42,93.13,2011-02-28,SLB,SCHLUMBERGER LTD,5651.0,485.0
80685710,91.5,94.49,2011-03-01,SLB,SCHLUMBERGER LTD,5651.0,485.0
80685710,90.99,90.86,2011-03-02,SLB,SCHLUMBERGER LTD,5651.0,485.0
80685710,92.85,92.35,2011-03-03,SLB,SCHLUMBERGER LTD,5651.0,485.0
80685710,91.4,92.64,2011-03-04,SLB,SCHLUMBERGER LTD,5651.0,485.0
80685710,90.25,91.78,2011-03-07,SLB,SCHLUMBERGER LTD,5651.0,485.0
80685710,89.85,91.3,2011-03-08,SLB,SCHLUMBERGER LTD,5651.0,485.0
80685710,88.55,89.43,2011-03-09,SLB,SCHLUMBERGER LTD,5651.0,485.0
80685710,84.61,86.62,2011-03-10,SLB,SCHLUMBERGER LTD,5651.0,485.0
80685710,86.24,83.67,2011-03-11,SLB,SCHLUMBERGER LTD,5651.0,485.0
80685710,85.36,85.37,2011-03-14,SLB,SCHLUMBERGER LTD,5651.0,485.0
80685710,84.8,82.15,2011-03-15,SLB,SCHLUMBERGER LTD,5651.0,485.0
80685710,83.1,84.07,2011-03-16,SLB,SCHLUMBERGER LTD,5651.0,485.0
80685710,87.05,84.81,2011-03-17,SLB,SCHLUMBERGER LTD,5651.0,485.0
80685710,85.93,87.76,2011-03-18,SLB,SCHLUMBERGER LTD,5651.0,485.0
80685710,89.73,87.14,2011-03-21,SLB,SCHLUMBERGER LTD,5651.0,485.0
80685710,88.77,89.32,2011-03-22,SLB,SCHLUMBERGER LTD,5651.0,485.0
80685710,88.5,88.72,2011-03-23,SLB,SCHLUMBERGER LTD,5651.0,485.0
80685710,88.1,88.86,2011-03-24,SLB,SCHLUMBERGER LTD,5651.0,485.0
80685710,86.89,87.73,2011-03-25,SLB,SCHLUMBERGER LTD,5651.0,485.0
80685710,90.43,86.52,2011-03-28,SLB,SCHLUMBERGER LTD,5651.0,485.0
80685710,94.36,90.75,2011-03-29,SLB,SCHLUMBERGER LTD,5651.0,485.0
80685710,93.65,94.83,2011-03-30,SLB,SCHLUMBERGER LTD,5651.0,485.0
80685710,93.26,94.26,2011-03-31,SLB,SCHLUMBERGER LTD,5651.0,485.0
80685710,93.7,94.1,2011-04-01,SLB,SCHLUMBERGER LTD,5651.0,485.0
80685710,92.77,94.33,2011-04-04,SLB,SCHLUMBERGER LTD,5651.0,485.0
80685710,92.87,92.59,2011-04-05,SLB,SCHLUMBERGER LTD,5651.0,485.0
80685710,91.94,93.61,2011-04-06,SLB,SCHLUMBERGER LTD,5651.0,485.0
80685710,91.62,92.14,2011-04-07,SLB,SCHLUMBERGER LTD,5651.0,485.0
80685710,90.85,92.7,2011-04-08,SLB,SCHLUMBERGER LTD,5651.0,485.0
80685710,88.8,90.98,2011-04-11,SLB,SCHLUMBERGER LTD,5651.0,485.0
80685710,86.24,87.79,2011-04-12,SLB,SCHLUMBERGER LTD,5651.0,485.0
80685710,85.79,86.86,2011-04-13,SLB,SCHLUMBERGER LTD,5651.0,485.0
80685710,86.02,85.14,2011-04-14,SLB,SCHLUMBERGER LTD,5651.0,485.0
80685710,86.66,86.7,2011-04-15,SLB,SCHLUMBERGER LTD,5651.0,485.0
80685710,84.75,85.11,2011-04-18,SLB,SCHLUMBERGER LTD,5651.0,485.0
80685710,86.13,84.64,2011-04-19,SLB,SCHLUMBERGER LTD,5651.0,485.0
80685710,87.89,87.62,2011-04-20,SLB,SCHLUMBERGER LTD,5651.0,485.0
80685710,89.78,89.41,2011-04-21,SLB,SCHLUMBERGER LTD,5651.0,485.0
80685710,88.05,89.56,2011-04-25,SLB,SCHLUMBERGER LTD,5651.0,485.0
80685710,89.47,88.19,2011-04-26,SLB,SCHLUMBERGER LTD,5651.0,485.0
80685710,89.38,89.84,2011-04-27,SLB,SCHLUMBERGER LTD,5651.0,485.0
80685710,89.11,88.1,2011-04-28,SLB,SCHLUMBERGER LTD,5651.0,485.0
80685710,89.75,88.81,2011-04-29,SLB,SCHLUMBERGER LTD,5651.0,485.0
80685710,87.79,89.94,2011-05-02,SLB,SCHLUMBERGER LTD,5651.0,485.0
80685710,85.85,87.21,2011-05-03,SLB,SCHLUMBERGER LTD,5651.0,485.0
80685710,84.79,85.89,2011-05-04,SLB,SCHLUMBERGER LTD,5651.0,485.0
80685710,82.84,83.01,2011-05-05,SLB,SCHLUMBERGER LTD,5651.0,485.0
80685710,82.66,84.09,2011-05-06,SLB,SCHLUMBERGER LTD,5651.0,485.0
80685710,83.59,83.4,2011-05-09,SLB,SCHLUMBERGER LTD,5651.0,485.0
80685710,84.49,84.03,2011-05-10,SLB,SCHLUMBERGER LTD,5651.0,485.0
80685710,82.25,84.27,2011-05-11,SLB,SCHLUMBERGER LTD,5651.0,485.0
80685710,83.52,82.19,2011-05-12,SLB,SCHLUMBERGER LTD,5651.0,485.0
80685710,82.71,83.68,2011-05-13,SLB,SCHLUMBERGER LTD,5651.0,485.0
80685710,82.19,82.2,2011-05-16,SLB,SCHLUMBERGER LTD,5651.0,485.0
80685710,82.06,81.41,2011-05-17,SLB,SCHLUMBERGER LTD,5651.0,485.0
80685710,83.75,82.49,2011-05-18,SLB,SCHLUMBERGER LTD,5651.0,485.0
80685710,83.58,84.15,2011-05-19,SLB,SCHLUMBERGER LTD,5651.0,485.0
80685710,83.5,83.33,2011-05-20,SLB,SCHLUMBERGER LTD,5651.0,485.0
80685710,82.08,81.86,2011-05-23,SLB,SCHLUMBERGER LTD,5651.0,485.0
80685710,83.28,82.82,2011-05-24,SLB,SCHLUMBERGER LTD,5651.0,485.0
80685710,84.09,82.78,2011-05-25,SLB,SCHLUMBERGER LTD,5651.0,485.0
80685710,85.19,84.0,2011-05-26,SLB,SCHLUMBERGER LTD,5651.0,485.0
80685710,84.71,85.49,2011-05-27,SLB,SCHLUMBERGER LTD,5651.0,485.0
80685710,85.72,86.07,2011-05-31,SLB,SCHLUMBERGER LTD,5651.0,485.0
80685710,83.19,85.73,2011-06-01,SLB,SCHLUMBERGER LTD,5651.0,485.0
80685710,84.29,83.31,2011-06-02,SLB,SCHLUMBERGER LTD,5651.0,485.0
80685710,85.04,82.87,2011-06-03,SLB,SCHLUMBERGER LTD,5651.0,485.0
80685710,83.06,85.22,2011-06-06,SLB,SCHLUMBERGER LTD,5651.0,485.0
80685710,82.88,84.21,2011-06-07,SLB,SCHLUMBERGER LTD,5651.0,485.0
80685710,83.73,82.9,2011-06-08,SLB,SCHLUMBERGER LTD,5651.0,485.0
80685710,85.84,84.18,2011-06-09,SLB,SCHLUMBERGER LTD,5651.0,485.0
80685710,83.66,85.2,2011-06-10,SLB,SCHLUMBERGER LTD,5651.0,485.0
80685710,82.7,83.77,2011-06-13,SLB,SCHLUMBERGER LTD,5651.0,485.0
80685710,84.5,84.25,2011-06-14,SLB,SCHLUMBERGER LTD,5651.0,485.0
80685710,82.66,83.54,2011-06-15,SLB,SCHLUMBERGER LTD,5651.0,485.0
80685710,82.25,82.76,2011-06-16,SLB,SCHLUMBERGER LTD,5651.0,485.0
80685710,81.79,82.94,2011-06-17,SLB,SCHLUMBERGER LTD,5651.0,485.0
80685710,82.13,81.37,2011-06-20,SLB,SCHLUMBERGER LTD,5651.0,485.0
80685710,83.5,82.48,2011-06-21,SLB,SCHLUMBERGER LTD,5651.0,485.0
80685710,83.58,83.09,2011-06-22,SLB,SCHLUMBERGER LTD,5651.0,485.0
80685710,83.07,81.04,2011-06-23,SLB,SCHLUMBERGER LTD,5651.0,485.0
80685710,80.92,83.12,2011-06-24,SLB,SCHLUMBERGER LTD,5651.0,485.0
80685710,80.64,80.31,2011-06-27,SLB,SCHLUMBERGER LTD,5651.0,485.0
80685710,84.35,81.48,2011-06-28,SLB,SCHLUMBERGER LTD,5651.0,485.0
80685710,85.21,84.82,2011-06-29,SLB,SCHLUMBERGER LTD,5651.0,485.0
80685710,86.4,85.5,2011-06-30,SLB,SCHLUMBERGER LTD,5651.0,485.0
80685710,87.6,85.89,2011-07-01,SLB,SCHLUMBERGER LTD,5651.0,485.0
80685710,88.35,87.37,2011-07-05,SLB,SCHLUMBERGER LTD,5651.0,485.0
80685710,89.11,88.5,2011-07-06,SLB,SCHLUMBERGER LTD,5651.0,485.0
80685710,90.4,89.99,2011-07-07,SLB,SCHLUMBERGER LTD,5651.0,485.0
80685710,89.96,88.38,2011-07-08,SLB,SCHLUMBERGER LTD,5651.0,485.0
80685710,88.07,88.14,2011-07-11,SLB,SCHLUMBERGER LTD,5651.0,485.0
80685710,86.84,87.39,2011-07-12,SLB,SCHLUMBERGER LTD,5651.0,485.0
80685710,87.0,86.74,2011-07-13,SLB,SCHLUMBERGER LTD,5651.0,485.0
80685710,85.92,87.23,2011-07-14,SLB,SCHLUMBERGER LTD,5651.0,485.0
80685710,87.99,86.64,2011-07-15,SLB,SCHLUMBERGER LTD,5651.0,485.0
80685710,87.21,88.04,2011-07-18,SLB,SCHLUMBERGER LTD,5651.0,485.0
80685710,88.7,88.14,2011-07-19,SLB,SCHLUMBERGER LTD,5651.0,485.0
80685710,88.41,89.55,2011-07-20,SLB,SCHLUMBERGER LTD,5651.0,485.0
80685710,90.96,88.98,2011-07-21,SLB,SCHLUMBERGER LTD,5651.0,485.0
80685710,93.81,93.17,2011-07-22,SLB,SCHLUMBERGER LTD,5651.0,485.0
80685710,94.7,92.75,2011-07-25,SLB,SCHLUMBERGER LTD,5651.0,485.0
80685710,93.93,94.54,2011-07-26,SLB,SCHLUMBERGER LTD,5651.0,485.0
80685710,91.68,93.12,2011-07-27,SLB,SCHLUMBERGER LTD,5651.0,485.0
80685710,91.4,91.52,2011-07-28,SLB,SCHLUMBERGER LTD,5651.0,485.0
80685710,90.37,90.04,2011-07-29,SLB,SCHLUMBERGER LTD,5651.0,485.0
80685710,90.21,91.86,2011-08-01,SLB,SCHLUMBERGER LTD,5651.0,485.0
80685710,87.62,89.21,2011-08-02,SLB,SCHLUMBERGER LTD,5651.0,485.0
80685710,87.19,87.5,2011-08-03,SLB,SCHLUMBERGER LTD,5651.0,485.0
80685710,80.79,85.28,2011-08-04,SLB,SCHLUMBERGER LTD,5651.0,485.0
80685710,80.88,82.5,2011-08-05,SLB,SCHLUMBERGER LTD,5651.0,485.0
80685710,73.67,77.27,2011-08-08,SLB,SCHLUMBERGER LTD,5651.0,485.0
80685710,77.63,75.56,2011-08-09,SLB,SCHLUMBERGER LTD,5651.0,485.0
80685710,73.81,77.6,2011-08-10,SLB,SCHLUMBERGER LTD,5651.0,485.0
80685710,77.53,74.91,2011-08-11,SLB,SCHLUMBERGER LTD,5651.0,485.0
80685710,77.99,78.81,2011-08-12,SLB,SCHLUMBERGER LTD,5651.0,485.0
80685710,80.07,78.91,2011-08-15,SLB,SCHLUMBERGER LTD,5651.0,485.0
80685710,78.63,79.09,2011-08-16,SLB,SCHLUMBERGER LTD,5651.0,485.0
80685710,79.52,80.19,2011-08-17,SLB,SCHLUMBERGER LTD,5651.0,485.0
80685710,74.41,76.5,2011-08-18,SLB,SCHLUMBERGER LTD,5651.0,485.0
80685710,73.12,73.0,2011-08-19,SLB,SCHLUMBERGER LTD,5651.0,485.0
80685710,72.49,75.38,2011-08-22,SLB,SCHLUMBERGER LTD,5651.0,485.0
80685710,76.13,72.96,2011-08-23,SLB,SCHLUMBERGER LTD,5651.0,485.0
80685710,76.23,75.8,2011-08-24,SLB,SCHLUMBERGER LTD,5651.0,485.0
80685710,73.11,76.7,2011-08-25,SLB,SCHLUMBERGER LTD,5651.0,485.0
80685710,74.84,73.05,2011-08-26,SLB,SCHLUMBERGER LTD,5651.0,485.0
80685710,77.25,76.41,2011-08-29,SLB,SCHLUMBERGER LTD,5651.0,485.0
80685710,77.33,76.79,2011-08-30,SLB,SCHLUMBERGER LTD,5651.0,485.0
80685710,78.12,77.91,2011-08-31,SLB,SCHLUMBERGER LTD,5651.0,485.0
80685710,76.5,78.19,2011-09-01,SLB,SCHLUMBERGER LTD,5651.0,485.0
80685710,74.42,74.51,2011-09-02,SLB,SCHLUMBERGER LTD,5651.0,485.0
80685710,74.32,71.95,2011-09-06,SLB,SCHLUMBERGER LTD,5651.0,485.0
80685710,76.79,75.65,2011-09-07,SLB,SCHLUMBERGER LTD,5651.0,485.0
80685710,75.47,75.35,2011-09-08,SLB,SCHLUMBERGER LTD,5651.0,485.0
80685710,71.8,73.87,2011-09-09,SLB,SCHLUMBERGER LTD,5651.0,485.0
80685710,72.38,70.79,2011-09-12,SLB,SCHLUMBERGER LTD,5651.0,485.0
80685710,72.13,72.21,2011-09-13,SLB,SCHLUMBERGER LTD,5651.0,485.0
80685710,72.93,72.7,2011-09-14,SLB,SCHLUMBERGER LTD,5651.0,485.0
80685710,74.22,74.31,2011-09-15,SLB,SCHLUMBERGER LTD,5651.0,485.0
80685710,72.84,74.95,2011-09-16,SLB,SCHLUMBERGER LTD,5651.0,485.0
80685710,70.76,70.4,2011-09-19,SLB,SCHLUMBERGER LTD,5651.0,485.0
80685710,69.29,71.36,2011-09-20,SLB,SCHLUMBERGER LTD,5651.0,485.0
80685710,65.15,69.38,2011-09-21,SLB,SCHLUMBERGER LTD,5651.0,485.0
80685710,61.22,62.54,2011-09-22,SLB,SCHLUMBERGER LTD,5651.0,485.0
80685710,61.2,60.55,2011-09-23,SLB,SCHLUMBERGER LTD,5651.0,485.0
80685710,63.27,61.77,2011-09-26,SLB,SCHLUMBERGER LTD,5651.0,485.0
80685710,63.42,64.85,2011-09-27,SLB,SCHLUMBERGER LTD,5651.0,485.0
80685710,60.33,63.59,2011-09-28,SLB,SCHLUMBERGER LTD,5651.0,485.0
80685710,61.33,62.19,2011-09-29,SLB,SCHLUMBERGER LTD,5651.0,485.0
80685710,59.73,60.0,2011-09-30,SLB,SCHLUMBERGER LTD,5651.0,485.0
80685710,57.72,58.9,2011-10-03,SLB,SCHLUMBERGER LTD,5651.0,485.0
80685710,59.11,56.12,2011-10-04,SLB,SCHLUMBERGER LTD,5651.0,485.0
80685710,61.58,59.27,2011-10-05,SLB,SCHLUMBERGER LTD,5651.0,485.0
80685710,63.89,62.51,2011-10-06,SLB,SCHLUMBERGER LTD,5651.0,485.0
80685710,62.64,63.95,2011-10-07,SLB,SCHLUMBERGER LTD,5651.0,485.0
80685710,65.79,64.61,2011-10-10,SLB,SCHLUMBERGER LTD,5651.0,485.0
80685710,66.82,65.46,2011-10-11,SLB,SCHLUMBERGER LTD,5651.0,485.0
80685710,67.31,67.36,2011-10-12,SLB,SCHLUMBERGER LTD,5651.0,485.0
80685710,67.2,67.0,2011-10-13,SLB,SCHLUMBERGER LTD,5651.0,485.0
80685710,70.94,68.64,2011-10-14,SLB,SCHLUMBERGER LTD,5651.0,485.0
80685710,67.52,69.74,2011-10-17,SLB,SCHLUMBERGER LTD,5651.0,485.0
80685710,69.91,67.54,2011-10-18,SLB,SCHLUMBERGER LTD,5651.0,485.0
80685710,67.9,69.83,2011-10-19,SLB,SCHLUMBERGER LTD,5651.0,485.0
80685710,67.99,68.0,2011-10-20,SLB,SCHLUMBERGER LTD,5651.0,485.0
80685710,67.38,68.64,2011-10-21,SLB,SCHLUMBERGER LTD,5651.0,485.0
80685710,69.88,67.78,2011-10-24,SLB,SCHLUMBERGER LTD,5651.0,485.0
80685710,68.03,70.32,2011-10-25,SLB,SCHLUMBERGER LTD,5651.0,485.0
80685710,69.84,69.34,2011-10-26,SLB,SCHLUMBERGER LTD,5651.0,485.0
80685710,75.77,72.76,2011-10-27,SLB,SCHLUMBERGER LTD,5651.0,485.0
80685710,75.96,74.95,2011-10-28,SLB,SCHLUMBERGER LTD,5651.0,485.0
80685710,73.47,74.99,2011-10-31,SLB,SCHLUMBERGER LTD,5651.0,485.0
80685710,71.13,69.81,2011-11-01,SLB,SCHLUMBERGER LTD,5651.0,485.0
80685710,72.74,72.89,2011-11-02,SLB,SCHLUMBERGER LTD,5651.0,485.0
80685710,75.93,73.81,2011-11-03,SLB,SCHLUMBERGER LTD,5651.0,485.0
80685710,74.97,74.75,2011-11-04,SLB,SCHLUMBERGER LTD,5651.0,485.0
80685710,75.33,75.02,2011-11-07,SLB,SCHLUMBERGER LTD,5651.0,485.0
80685710,76.83,75.94,2011-11-08,SLB,SCHLUMBERGER LTD,5651.0,485.0
80685710,73.09,74.4,2011-11-09,SLB,SCHLUMBERGER LTD,5651.0,485.0
80685710,74.05,74.34,2011-11-10,SLB,SCHLUMBERGER LTD,5651.0,485.0
80685710,76.54,75.22,2011-11-11,SLB,SCHLUMBERGER LTD,5651.0,485.0
80685710,75.62,75.51,2011-11-14,SLB,SCHLUMBERGER LTD,5651.0,485.0
80685710,75.97,75.3,2011-11-15,SLB,SCHLUMBERGER LTD,5651.0,485.0
80685710,74.77,75.35,2011-11-16,SLB,SCHLUMBERGER LTD,5651.0,485.0
80685710,71.71,74.68,2011-11-17,SLB,SCHLUMBERGER LTD,5651.0,485.0
80685710,71.32,72.76,2011-11-18,SLB,SCHLUMBERGER LTD,5651.0,485.0
80685710,70.18,69.94,2011-11-21,SLB,SCHLUMBERGER LTD,5651.0,485.0
80685710,68.95,69.79,2011-11-22,SLB,SCHLUMBERGER LTD,5651.0,485.0
80685710,66.5,67.95,2011-11-23,SLB,SCHLUMBERGER LTD,5651.0,485.0
80685710,66.37,66.11,2011-11-25,SLB,SCHLUMBERGER LTD,5651.0,485.0
80685710,69.22,68.49,2011-11-28,SLB,SCHLUMBERGER LTD,5651.0,485.0
80685710,70.43,69.84,2011-11-29,SLB,SCHLUMBERGER LTD,5651.0,485.0
80685710,75.33,73.18,2011-11-30,SLB,SCHLUMBERGER LTD,5651.0,485.0
80685710,74.87,75.16,2011-12-01,SLB,SCHLUMBERGER LTD,5651.0,485.0
80685710,75.01,75.9,2011-12-02,SLB,SCHLUMBERGER LTD,5651.0,485.0
80685710,77.15,76.29,2011-12-05,SLB,SCHLUMBERGER LTD,5651.0,485.0
80685710,76.65,76.86,2011-12-06,SLB,SCHLUMBERGER LTD,5651.0,485.0
80685710,75.09,75.79,2011-12-07,SLB,SCHLUMBERGER LTD,5651.0,485.0
80685710,71.95,74.24,2011-12-08,SLB,SCHLUMBERGER LTD,5651.0,485.0
80685710,74.15,72.14,2011-12-09,SLB,SCHLUMBERGER LTD,5651.0,485.0
80685710,71.92,72.85,2011-12-12,SLB,SCHLUMBERGER LTD,5651.0,485.0
80685710,70.41,72.58,2011-12-13,SLB,SCHLUMBERGER LTD,5651.0,485.0
80685710,67.0,69.18,2011-12-14,SLB,SCHLUMBERGER LTD,5651.0,485.0
80685710,66.33,68.08,2011-12-15,SLB,SCHLUMBERGER LTD,5651.0,485.0
80685710,66.91,67.13,2011-12-16,SLB,SCHLUMBERGER LTD,5651.0,485.0
80685710,65.07,67.42,2011-12-19,SLB,SCHLUMBERGER LTD,5651.0,485.0
80685710,68.17,66.7,2011-12-20,SLB,SCHLUMBERGER LTD,5651.0,485.0
80685710,67.71,68.39,2011-12-21,SLB,SCHLUMBERGER LTD,5651.0,485.0
80685710,67.93,68.4,2011-12-22,SLB,SCHLUMBERGER LTD,5651.0,485.0
80685710,69.14,68.25,2011-12-23,SLB,SCHLUMBERGER LTD,5651.0,485.0
80685710,68.6,69.06,2011-12-27,SLB,SCHLUMBERGER LTD,5651.0,485.0
80685710,67.04,68.59,2011-12-28,SLB,SCHLUMBERGER LTD,5651.0,485.0
80685710,67.41,67.07,2011-12-29,SLB,SCHLUMBERGER LTD,5651.0,485.0
80685710,68.31,67.24,2011-12-30,SLB,SCHLUMBERGER LTD,5651.0,485.0
80685710,70.09,70.4,2012-01-03,SLB,SCHLUMBERGER LTD,5651.0,485.0
80685710,69.56,70.13,2012-01-04,SLB,SCHLUMBERGER LTD,5651.0,485.0
80685710,68.07,68.98,2012-01-05,SLB,SCHLUMBERGER LTD,5651.0,485.0
80685710,67.78,68.5,2012-01-06,SLB,SCHLUMBERGER LTD,5651.0,485.0
80685710,68.82,68.27,2012-01-09,SLB,SCHLUMBERGER LTD,5651.0,485.0
80685710,70.75,70.46,2012-01-10,SLB,SCHLUMBERGER LTD,5651.0,485.0
80685710,70.16,70.59,2012-01-11,SLB,SCHLUMBERGER LTD,5651.0,485.0
80685710,69.7,70.58,2012-01-12,SLB,SCHLUMBERGER LTD,5651.0,485.0
80685710,67.99,69.01,2012-01-13,SLB,SCHLUMBERGER LTD,5651.0,485.0
80685710,67.64,69.37,2012-01-17,SLB,SCHLUMBERGER LTD,5651.0,485.0
80685710,70.63,67.14,2012-01-18,SLB,SCHLUMBERGER LTD,5651.0,485.0
80685710,72.86,71.22,2012-01-19,SLB,SCHLUMBERGER LTD,5651.0,485.0
80685710,73.8,73.8,2012-01-20,SLB,SCHLUMBERGER LTD,5651.0,485.0
80685710,74.16,74.22,2012-01-23,SLB,SCHLUMBERGER LTD,5651.0,485.0
80685710,74.59,73.17,2012-01-24,SLB,SCHLUMBERGER LTD,5651.0,485.0
80685710,76.19,74.14,2012-01-25,SLB,SCHLUMBERGER LTD,5651.0,485.0
80685710,75.98,77.04,2012-01-26,SLB,SCHLUMBERGER LTD,5651.0,485.0
80685710,76.66,75.85,2012-01-27,SLB,SCHLUMBERGER LTD,5651.0,485.0
80685710,76.27,75.47,2012-01-30,SLB,SCHLUMBERGER LTD,5651.0,485.0
80685710,75.17,76.95,2012-01-31,SLB,SCHLUMBERGER LTD,5651.0,485.0
80685710,76.12,76.35,2012-02-01,SLB,SCHLUMBERGER LTD,5651.0,485.0
80685710,77.31,76.25,2012-02-02,SLB,SCHLUMBERGER LTD,5651.0,485.0
80685710,78.66,78.31,2012-02-03,SLB,SCHLUMBERGER LTD,5651.0,485.0
80685710,79.64,78.2,2012-02-06,SLB,SCHLUMBERGER LTD,5651.0,485.0
80685710,79.5,79.34,2012-02-07,SLB,SCHLUMBERGER LTD,5651.0,485.0
80685710,78.41,79.82,2012-02-08,SLB,SCHLUMBERGER LTD,5651.0,485.0
80685710,78.64,78.81,2012-02-09,SLB,SCHLUMBERGER LTD,5651.0,485.0
80685710,77.17,77.69,2012-02-10,SLB,SCHLUMBERGER LTD,5651.0,485.0
80685710,78.03,78.09,2012-02-13,SLB,SCHLUMBERGER LTD,5651.0,485.0
80685710,77.8,77.71,2012-02-14,SLB,SCHLUMBERGER LTD,5651.0,485.0
80685710,77.36,78.16,2012-02-15,SLB,SCHLUMBERGER LTD,5651.0,485.0
80685710,78.06,77.12,2012-02-16,SLB,SCHLUMBERGER LTD,5651.0,485.0
80685710,77.74,78.58,2012-02-17,SLB,SCHLUMBERGER LTD,5651.0,485.0
80685710,78.58,78.93,2012-02-21,SLB,SCHLUMBERGER LTD,5651.0,485.0
80685710,80.0,78.55,2012-02-22,SLB,SCHLUMBERGER LTD,5651.0,485.0
80685710,79.59,80.4,2012-02-23,SLB,SCHLUMBERGER LTD,5651.0,485.0
80685710,79.85,80.1,2012-02-24,SLB,SCHLUMBERGER LTD,5651.0,485.0
80685710,79.11,79.22,2012-02-27,SLB,SCHLUMBERGER LTD,5651.0,485.0
80685710,78.78,79.1,2012-02-28,SLB,SCHLUMBERGER LTD,5651.0,485.0
80685710,77.61,78.81,2012-02-29,SLB,SCHLUMBERGER LTD,5651.0,485.0
80685710,78.37,78.14,2012-03-01,SLB,SCHLUMBERGER LTD,5651.0,485.0
80685710,77.19,78.0,2012-03-02,SLB,SCHLUMBERGER LTD,5651.0,485.0
80685710,75.69,76.81,2012-03-05,SLB,SCHLUMBERGER LTD,5651.0,485.0
80685710,73.79,73.86,2012-03-06,SLB,SCHLUMBERGER LTD,5651.0,485.0
80685710,74.7,74.39,2012-03-07,SLB,SCHLUMBERGER LTD,5651.0,485.0
80685710,75.82,75.21,2012-03-08,SLB,SCHLUMBERGER LTD,5651.0,485.0
80685710,75.84,75.99,2012-03-09,SLB,SCHLUMBERGER LTD,5651.0,485.0
80685710,74.02,75.65,2012-03-12,SLB,SCHLUMBERGER LTD,5651.0,485.0
80685710,74.77,74.4,2012-03-13,SLB,SCHLUMBERGER LTD,5651.0,485.0
80685710,74.02,74.66,2012-03-14,SLB,SCHLUMBERGER LTD,5651.0,485.0
80685710,74.92,74.17,2012-03-15,SLB,SCHLUMBERGER LTD,5651.0,485.0
80685710,76.76,75.32,2012-03-16,SLB,SCHLUMBERGER LTD,5651.0,485.0
80685710,77.1,76.75,2012-03-19,SLB,SCHLUMBERGER LTD,5651.0,485.0
80685710,75.71,76.24,2012-03-20,SLB,SCHLUMBERGER LTD,5651.0,485.0
80685710,74.01,75.17,2012-03-21,SLB,SCHLUMBERGER LTD,5651.0,485.0
80685710,71.98,73.02,2012-03-22,SLB,SCHLUMBERGER LTD,5651.0,485.0
80685710,73.18,72.33,2012-03-23,SLB,SCHLUMBERGER LTD,5651.0,485.0
80685710,72.4,73.61,2012-03-26,SLB,SCHLUMBERGER LTD,5651.0,485.0
80685710,69.96,72.33,2012-03-27,SLB,SCHLUMBERGER LTD,5651.0,485.0
80685710,69.78,69.61,2012-03-28,SLB,SCHLUMBERGER LTD,5651.0,485.0
80685710,69.14,69.33,2012-03-29,SLB,SCHLUMBERGER LTD,5651.0,485.0
80685710,69.93,69.88,2012-03-30,SLB,SCHLUMBERGER LTD,5651.0,485.0
80685710,69.84,69.6,2012-04-02,SLB,SCHLUMBERGER LTD,5651.0,485.0
80685710,69.73,70.5,2012-04-03,SLB,SCHLUMBERGER LTD,5651.0,485.0
80685710,68.69,68.81,2012-04-04,SLB,SCHLUMBERGER LTD,5651.0,485.0
80685710,68.42,68.54,2012-04-05,SLB,SCHLUMBERGER LTD,5651.0,485.0
80685710,67.59,67.49,2012-04-09,SLB,SCHLUMBERGER LTD,5651.0,485.0
80685710,67.26,67.36,2012-04-10,SLB,SCHLUMBERGER LTD,5651.0,485.0
80685710,68.12,68.74,2012-04-11,SLB,SCHLUMBERGER LTD,5651.0,485.0
80685710,70.34,68.46,2012-04-12,SLB,SCHLUMBERGER LTD,5651.0,485.0
80685710,68.38,69.91,2012-04-13,SLB,SCHLUMBERGER LTD,5651.0,485.0
80685710,67.44,68.75,2012-04-16,SLB,SCHLUMBERGER LTD,5651.0,485.0
80685710,69.35,68.63,2012-04-17,SLB,SCHLUMBERGER LTD,5651.0,485.0
80685710,69.93,69.37,2012-04-18,SLB,SCHLUMBERGER LTD,5651.0,485.0
80685710,69.8,70.12,2012-04-19,SLB,SCHLUMBERGER LTD,5651.0,485.0
80685710,71.7,72.73,2012-04-20,SLB,SCHLUMBERGER LTD,5651.0,485.0
80685710,71.19,70.77,2012-04-23,SLB,SCHLUMBERGER LTD,5651.0,485.0
80685710,72.71,71.5,2012-04-24,SLB,SCHLUMBERGER LTD,5651.0,485.0
80685710,74.46,73.65,2012-04-25,SLB,SCHLUMBERGER LTD,5651.0,485.0
80685710,74.25,73.86,2012-04-26,SLB,SCHLUMBERGER LTD,5651.0,485.0
80685710,73.95,74.54,2012-04-27,SLB,SCHLUMBERGER LTD,5651.0,485.0
80685710,74.14,73.34,2012-04-30,SLB,SCHLUMBERGER LTD,5651.0,485.0
80685710,75.13,74.16,2012-05-01,SLB,SCHLUMBERGER LTD,5651.0,485.0
80685710,74.17,74.46,2012-05-02,SLB,SCHLUMBERGER LTD,5651.0,485.0
80685710,72.61,74.2,2012-05-03,SLB,SCHLUMBERGER LTD,5651.0,485.0
80685710,69.96,71.89,2012-05-04,SLB,SCHLUMBERGER LTD,5651.0,485.0
80685710,70.6,69.81,2012-05-07,SLB,SCHLUMBERGER LTD,5651.0,485.0
80685710,70.39,69.92,2012-05-08,SLB,SCHLUMBERGER LTD,5651.0,485.0
80685710,69.64,69.24,2012-05-09,SLB,SCHLUMBERGER LTD,5651.0,485.0
80685710,69.44,70.5,2012-05-10,SLB,SCHLUMBERGER LTD,5651.0,485.0
80685710,68.8,68.84,2012-05-11,SLB,SCHLUMBERGER LTD,5651.0,485.0
80685710,67.25,67.82,2012-05-14,SLB,SCHLUMBERGER LTD,5651.0,485.0
80685710,65.52,67.38,2012-05-15,SLB,SCHLUMBERGER LTD,5651.0,485.0
80685710,64.81,65.76,2012-05-16,SLB,SCHLUMBERGER LTD,5651.0,485.0
80685710,64.75,64.54,2012-05-17,SLB,SCHLUMBERGER LTD,5651.0,485.0
80685710,64.06,64.91,2012-05-18,SLB,SCHLUMBERGER LTD,5651.0,485.0
80685710,66.76,64.82,2012-05-21,SLB,SCHLUMBERGER LTD,5651.0,485.0
80685710,66.4,67.07,2012-05-22,SLB,SCHLUMBERGER LTD,5651.0,485.0
80685710,67.18,65.63,2012-05-23,SLB,SCHLUMBERGER LTD,5651.0,485.0
80685710,65.85,67.58,2012-05-24,SLB,SCHLUMBERGER LTD,5651.0,485.0
80685710,65.41,65.52,2012-05-25,SLB,SCHLUMBERGER LTD,5651.0,485.0
80685710,67.24,66.06,2012-05-29,SLB,SCHLUMBERGER LTD,5651.0,485.0
80685710,64.18,66.07,2012-05-30,SLB,SCHLUMBERGER LTD,5651.0,485.0
80685710,63.25,63.81,2012-05-31,SLB,SCHLUMBERGER LTD,5651.0,485.0
80685710,62.07,61.63,2012-06-01,SLB,SCHLUMBERGER LTD,5651.0,485.0
80685710,62.21,62.1,2012-06-04,SLB,SCHLUMBERGER LTD,5651.0,485.0
80685710,62.24,61.92,2012-06-05,SLB,SCHLUMBERGER LTD,5651.0,485.0
80685710,64.59,63.19,2012-06-06,SLB,SCHLUMBERGER LTD,5651.0,485.0
80685710,64.43,65.77,2012-06-07,SLB,SCHLUMBERGER LTD,5651.0,485.0
80685710,64.54,63.95,2012-06-08,SLB,SCHLUMBERGER LTD,5651.0,485.0
80685710,64.07,65.5,2012-06-11,SLB,SCHLUMBERGER LTD,5651.0,485.0
80685710,64.93,64.46,2012-06-12,SLB,SCHLUMBERGER LTD,5651.0,485.0
80685710,63.95,64.47,2012-06-13,SLB,SCHLUMBERGER LTD,5651.0,485.0
80685710,65.38,64.13,2012-06-14,SLB,SCHLUMBERGER LTD,5651.0,485.0
80685710,66.46,66.14,2012-06-15,SLB,SCHLUMBERGER LTD,5651.0,485.0
80685710,66.54,65.49,2012-06-18,SLB,SCHLUMBERGER LTD,5651.0,485.0
80685710,67.15,67.11,2012-06-19,SLB,SCHLUMBERGER LTD,5651.0,485.0
80685710,65.54,66.83,2012-06-20,SLB,SCHLUMBERGER LTD,5651.0,485.0
80685710,62.56,65.2,2012-06-21,SLB,SCHLUMBERGER LTD,5651.0,485.0
80685710,61.56,62.83,2012-06-22,SLB,SCHLUMBERGER LTD,5651.0,485.0
80685710,60.06,60.75,2012-06-25,SLB,SCHLUMBERGER LTD,5651.0,485.0
80685710,59.67,60.17,2012-06-26,SLB,SCHLUMBERGER LTD,5651.0,485.0
80685710,61.47,60.1,2012-06-27,SLB,SCHLUMBERGER LTD,5651.0,485.0
80685710,62.72,61.48,2012-06-28,SLB,SCHLUMBERGER LTD,5651.0,485.0
80685710,64.91,64.42,2012-06-29,SLB,SCHLUMBERGER LTD,5651.0,485.0
80685710,64.94,64.86,2012-07-02,SLB,SCHLUMBERGER LTD,5651.0,485.0
80685710,67.34,65.82,2012-07-03,SLB,SCHLUMBERGER LTD,5651.0,485.0
80685710,66.1,67.05,2012-07-05,SLB,SCHLUMBERGER LTD,5651.0,485.0
80685710,65.17,65.09,2012-07-06,SLB,SCHLUMBERGER LTD,5651.0,485.0
80685710,65.82,64.83,2012-07-09,SLB,SCHLUMBERGER LTD,5651.0,485.0
80685710,64.97,66.05,2012-07-10,SLB,SCHLUMBERGER LTD,5651.0,485.0
80685710,65.66,65.18,2012-07-11,SLB,SCHLUMBERGER LTD,5651.0,485.0
80685710,65.39,64.82,2012-07-12,SLB,SCHLUMBERGER LTD,5651.0,485.0
80685710,66.72,65.44,2012-07-13,SLB,SCHLUMBERGER LTD,5651.0,485.0
80685710,66.3,66.27,2012-07-16,SLB,SCHLUMBERGER LTD,5651.0,485.0
80685710,67.79,66.95,2012-07-17,SLB,SCHLUMBERGER LTD,5651.0,485.0
80685710,68.76,67.44,2012-07-18,SLB,SCHLUMBERGER LTD,5651.0,485.0
80685710,68.64,68.87,2012-07-19,SLB,SCHLUMBERGER LTD,5651.0,485.0
80685710,69.33,69.92,2012-07-20,SLB,SCHLUMBERGER LTD,5651.0,485.0
80685710,69.55,68.37,2012-07-23,SLB,SCHLUMBERGER LTD,5651.0,485.0
80685710,67.94,69.5,2012-07-24,SLB,SCHLUMBERGER LTD,5651.0,485.0
80685710,68.25,68.22,2012-07-25,SLB,SCHLUMBERGER LTD,5651.0,485.0
80685710,71.31,70.01,2012-07-26,SLB,SCHLUMBERGER LTD,5651.0,485.0
80685710,72.96,71.77,2012-07-27,SLB,SCHLUMBERGER LTD,5651.0,485.0
80685710,72.54,72.82,2012-07-30,SLB,SCHLUMBERGER LTD,5651.0,485.0
80685710,71.26,72.16,2012-07-31,SLB,SCHLUMBERGER LTD,5651.0,485.0
80685710,71.68,71.41,2012-08-01,SLB,SCHLUMBERGER LTD,5651.0,485.0
80685710,70.83,70.45,2012-08-02,SLB,SCHLUMBERGER LTD,5651.0,485.0
80685710,72.39,72.5,2012-08-03,SLB,SCHLUMBERGER LTD,5651.0,485.0
80685710,72.4,72.67,2012-08-06,SLB,SCHLUMBERGER LTD,5651.0,485.0
80685710,73.61,72.83,2012-08-07,SLB,SCHLUMBERGER LTD,5651.0,485.0
80685710,73.66,72.93,2012-08-08,SLB,SCHLUMBERGER LTD,5651.0,485.0
80685710,74.33,73.46,2012-08-09,SLB,SCHLUMBERGER LTD,5651.0,485.0
80685710,75.35,74.04,2012-08-10,SLB,SCHLUMBERGER LTD,5651.0,485.0
80685710,75.2,75.13,2012-08-13,SLB,SCHLUMBERGER LTD,5651.0,485.0
80685710,74.47,75.41,2012-08-14,SLB,SCHLUMBERGER LTD,5651.0,485.0
80685710,73.87,74.39,2012-08-15,SLB,SCHLUMBERGER LTD,5651.0,485.0
80685710,74.98,74.02,2012-08-16,SLB,SCHLUMBERGER LTD,5651.0,485.0
80685710,74.78,75.13,2012-08-17,SLB,SCHLUMBERGER LTD,5651.0,485.0
80685710,74.34,74.49,2012-08-20,SLB,SCHLUMBERGER LTD,5651.0,485.0
80685710,74.35,74.6,2012-08-21,SLB,SCHLUMBERGER LTD,5651.0,485.0
80685710,74.82,74.0,2012-08-22,SLB,SCHLUMBERGER LTD,5651.0,485.0
80685710,74.19,74.71,2012-08-23,SLB,SCHLUMBERGER LTD,5651.0,485.0
80685710,74.59,74.0,2012-08-24,SLB,SCHLUMBERGER LTD,5651.0,485.0
80685710,74.85,74.68,2012-08-27,SLB,SCHLUMBERGER LTD,5651.0,485.0
80685710,74.38,74.41,2012-08-28,SLB,SCHLUMBERGER LTD,5651.0,485.0
80685710,72.96,74.4,2012-08-29,SLB,SCHLUMBERGER LTD,5651.0,485.0
80685710,71.6,72.5,2012-08-30,SLB,SCHLUMBERGER LTD,5651.0,485.0
80685710,72.38,72.1,2012-08-31,SLB,SCHLUMBERGER LTD,5651.0,485.0
80685710,71.42,72.12,2012-09-04,SLB,SCHLUMBERGER LTD,5651.0,485.0
80685710,71.25,71.32,2012-09-05,SLB,SCHLUMBERGER LTD,5651.0,485.0
80685710,72.46,71.87,2012-09-06,SLB,SCHLUMBERGER LTD,5651.0,485.0
80685710,73.17,72.68,2012-09-07,SLB,SCHLUMBERGER LTD,5651.0,485.0
80685710,72.69,73.05,2012-09-10,SLB,SCHLUMBERGER LTD,5651.0,485.0
80685710,73.66,72.81,2012-09-11,SLB,SCHLUMBERGER LTD,5651.0,485.0
80685710,74.32,74.36,2012-09-12,SLB,SCHLUMBERGER LTD,5651.0,485.0
80685710,75.67,74.51,2012-09-13,SLB,SCHLUMBERGER LTD,5651.0,485.0
80685710,77.6,77.78,2012-09-14,SLB,SCHLUMBERGER LTD,5651.0,485.0
80685710,77.14,77.29,2012-09-17,SLB,SCHLUMBERGER LTD,5651.0,485.0
80685710,76.23,76.86,2012-09-18,SLB,SCHLUMBERGER LTD,5651.0,485.0
80685710,74.71,76.13,2012-09-19,SLB,SCHLUMBERGER LTD,5651.0,485.0
80685710,75.23,74.32,2012-09-20,SLB,SCHLUMBERGER LTD,5651.0,485.0
80685710,75.02,75.95,2012-09-21,SLB,SCHLUMBERGER LTD,5651.0,485.0
80685710,74.26,74.02,2012-09-24,SLB,SCHLUMBERGER LTD,5651.0,485.0
80685710,72.69,74.56,2012-09-25,SLB,SCHLUMBERGER LTD,5651.0,485.0
80685710,72.05,72.34,2012-09-26,SLB,SCHLUMBERGER LTD,5651.0,485.0
80685710,73.24,72.49,2012-09-27,SLB,SCHLUMBERGER LTD,5651.0,485.0
80685710,72.33,73.32,2012-09-28,SLB,SCHLUMBERGER LTD,5651.0,485.0
80685710,72.58,72.99,2012-10-01,SLB,SCHLUMBERGER LTD,5651.0,485.0
80685710,72.26,72.89,2012-10-02,SLB,SCHLUMBERGER LTD,5651.0,485.0
80685710,71.19,72.25,2012-10-03,SLB,SCHLUMBERGER LTD,5651.0,485.0
80685710,71.67,71.66,2012-10-04,SLB,SCHLUMBERGER LTD,5651.0,485.0
80685710,71.49,72.4,2012-10-05,SLB,SCHLUMBERGER LTD,5651.0,485.0
80685710,71.61,70.93,2012-10-08,SLB,SCHLUMBERGER LTD,5651.0,485.0
80685710,71.73,71.61,2012-10-09,SLB,SCHLUMBERGER LTD,5651.0,485.0
80685710,71.08,71.66,2012-10-10,SLB,SCHLUMBERGER LTD,5651.0,485.0
80685710,72.42,72.22,2012-10-11,SLB,SCHLUMBERGER LTD,5651.0,485.0
80685710,72.19,72.75,2012-10-12,SLB,SCHLUMBERGER LTD,5651.0,485.0
80685710,72.76,72.21,2012-10-15,SLB,SCHLUMBERGER LTD,5651.0,485.0
80685710,73.52,73.19,2012-10-16,SLB,SCHLUMBERGER LTD,5651.0,485.0
80685710,74.55,73.53,2012-10-17,SLB,SCHLUMBERGER LTD,5651.0,485.0
80685710,74.8,74.55,2012-10-18,SLB,SCHLUMBERGER LTD,5651.0,485.0
80685710,74.0,75.47,2012-10-19,SLB,SCHLUMBERGER LTD,5651.0,485.0
80685710,73.16,73.63,2012-10-22,SLB,SCHLUMBERGER LTD,5651.0,485.0
80685710,71.26,71.92,2012-10-23,SLB,SCHLUMBERGER LTD,5651.0,485.0
80685710,70.09,71.67,2012-10-24,SLB,SCHLUMBERGER LTD,5651.0,485.0
80685710,70.74,71.0,2012-10-25,SLB,SCHLUMBERGER LTD,5651.0,485.0
80685710,70.1,70.74,2012-10-26,SLB,SCHLUMBERGER LTD,5651.0,485.0
80685710,69.53,70.3,2012-10-31,SLB,SCHLUMBERGER LTD,5651.0,485.0
80685710,70.15,69.77,2012-11-01,SLB,SCHLUMBERGER LTD,5651.0,485.0
80685710,68.77,70.6,2012-11-02,SLB,SCHLUMBERGER LTD,5651.0,485.0
80685710,69.95,68.65,2012-11-05,SLB,SCHLUMBERGER LTD,5651.0,485.0
80685710,71.15,70.26,2012-11-06,SLB,SCHLUMBERGER LTD,5651.0,485.0
80685710,70.13,69.98,2012-11-07,SLB,SCHLUMBERGER LTD,5651.0,485.0
80685710,67.77,69.95,2012-11-08,SLB,SCHLUMBERGER LTD,5651.0,485.0
80685710,68.37,67.5,2012-11-09,SLB,SCHLUMBERGER LTD,5651.0,485.0
80685710,68.48,68.47,2012-11-12,SLB,SCHLUMBERGER LTD,5651.0,485.0
80685710,69.07,67.71,2012-11-13,SLB,SCHLUMBERGER LTD,5651.0,485.0
80685710,67.83,69.34,2012-11-14,SLB,SCHLUMBERGER LTD,5651.0,485.0
80685710,69.16,67.8,2012-11-15,SLB,SCHLUMBERGER LTD,5651.0,485.0
80685710,68.22,69.33,2012-11-16,SLB,SCHLUMBERGER LTD,5651.0,485.0
80685710,70.69,68.95,2012-11-19,SLB,SCHLUMBERGER LTD,5651.0,485.0
80685710,70.02,70.43,2012-11-20,SLB,SCHLUMBERGER LTD,5651.0,485.0
80685710,70.21,70.33,2012-11-21,SLB,SCHLUMBERGER LTD,5651.0,485.0
80685710,71.18,70.76,2012-11-23,SLB,SCHLUMBERGER LTD,5651.0,485.0
80685710,70.43,70.21,2012-11-26,SLB,SCHLUMBERGER LTD,5651.0,485.0
80685710,69.87,70.1,2012-11-27,SLB,SCHLUMBERGER LTD,5651.0,485.0
80685710,70.73,69.47,2012-11-28,SLB,SCHLUMBERGER LTD,5651.0,485.0
80685710,70.6,70.96,2012-11-29,SLB,SCHLUMBERGER LTD,5651.0,485.0
80685710,71.62,70.54,2012-11-30,SLB,SCHLUMBERGER LTD,5651.0,485.0
80685710,71.02,72.0,2012-12-03,SLB,SCHLUMBERGER LTD,5651.0,485.0
80685710,71.22,70.92,2012-12-04,SLB,SCHLUMBERGER LTD,5651.0,485.0
80685710,71.32,71.47,2012-12-05,SLB,SCHLUMBERGER LTD,5651.0,485.0
80685710,71.5,71.11,2012-12-06,SLB,SCHLUMBERGER LTD,5651.0,485.0
80685710,71.83,71.8,2012-12-07,SLB,SCHLUMBERGER LTD,5651.0,485.0
80685710,72.0,71.72,2012-12-10,SLB,SCHLUMBERGER LTD,5651.0,485.0
80685710,72.6,72.35,2012-12-11,SLB,SCHLUMBERGER LTD,5651.0,485.0
80685710,72.79,73.13,2012-12-12,SLB,SCHLUMBERGER LTD,5651.0,485.0
80685710,72.56,72.04,2012-12-13,SLB,SCHLUMBERGER LTD,5651.0,485.0
80685710,68.91,69.9,2012-12-14,SLB,SCHLUMBERGER LTD,5651.0,485.0
80685710,69.68,69.23,2012-12-17,SLB,SCHLUMBERGER LTD,5651.0,485.0
80685710,71.35,69.46,2012-12-18,SLB,SCHLUMBERGER LTD,5651.0,485.0
80685710,70.66,71.74,2012-12-19,SLB,SCHLUMBERGER LTD,5651.0,485.0
80685710,71.1,70.14,2012-12-20,SLB,SCHLUMBERGER LTD,5651.0,485.0
80685710,69.69,70.22,2012-12-21,SLB,SCHLUMBERGER LTD,5651.0,485.0
80685710,69.28,69.55,2012-12-24,SLB,SCHLUMBERGER LTD,5651.0,485.0
80685710,69.1,69.74,2012-12-26,SLB,SCHLUMBERGER LTD,5651.0,485.0
80685710,69.17,69.09,2012-12-27,SLB,SCHLUMBERGER LTD,5651.0,485.0
80685710,67.96,68.58,2012-12-28,SLB,SCHLUMBERGER LTD,5651.0,485.0
80685710,69.2986,67.87,2012-12-31,SLB,SCHLUMBERGER LTD,5651.0,485.0
80685710,71.4,70.8,2013-01-02,SLB,SCHLUMBERGER LTD,5651.0,485.0
80685710,70.92,71.25,2013-01-03,SLB,SCHLUMBERGER LTD,5651.0,485.0
80685710,72.01,71.33,2013-01-04,SLB,SCHLUMBERGER LTD,5651.0,485.0
80685710,72.21,71.53,2013-01-07,SLB,SCHLUMBERGER LTD,5651.0,485.0
80685710,72.51,71.94,2013-01-08,SLB,SCHLUMBERGER LTD,5651.0,485.0
80685710,72.2,72.76,2013-01-09,SLB,SCHLUMBERGER LTD,5651.0,485.0
80685710,73.25,72.7,2013-01-10,SLB,SCHLUMBERGER LTD,5651.0,485.0
80685710,73.75,73.19,2013-01-11,SLB,SCHLUMBERGER LTD,5651.0,485.0
80685710,72.77,73.39,2013-01-14,SLB,SCHLUMBERGER LTD,5651.0,485.0
80685710,72.59,72.47,2013-01-15,SLB,SCHLUMBERGER LTD,5651.0,485.0
80685710,73.22,72.53,2013-01-16,SLB,SCHLUMBERGER LTD,5651.0,485.0
80685710,73.37,73.46,2013-01-17,SLB,SCHLUMBERGER LTD,5651.0,485.0
80685710,76.5,73.95,2013-01-18,SLB,SCHLUMBERGER LTD,5651.0,485.0
80685710,78.0,76.57,2013-01-22,SLB,SCHLUMBERGER LTD,5651.0,485.0
80685710,78.17,77.79,2013-01-23,SLB,SCHLUMBERGER LTD,5651.0,485.0
80685710,78.02,78.16,2013-01-24,SLB,SCHLUMBERGER LTD,5651.0,485.0
80685710,79.51,78.63,2013-01-25,SLB,SCHLUMBERGER LTD,5651.0,485.0
80685710,79.28,79.73,2013-01-28,SLB,SCHLUMBERGER LTD,5651.0,485.0
80685710,79.95,79.04,2013-01-29,SLB,SCHLUMBERGER LTD,5651.0,485.0
80685710,78.6,79.83,2013-01-30,SLB,SCHLUMBERGER LTD,5651.0,485.0
80685710,78.05,78.44,2013-01-31,SLB,SCHLUMBERGER LTD,5651.0,485.0
80685710,79.7,78.94,2013-02-01,SLB,SCHLUMBERGER LTD,5651.0,485.0
80685710,79.45,79.11,2013-02-04,SLB,SCHLUMBERGER LTD,5651.0,485.0
80685710,80.16,79.82,2013-02-05,SLB,SCHLUMBERGER LTD,5651.0,485.0
80685710,78.73,79.42,2013-02-06,SLB,SCHLUMBERGER LTD,5651.0,485.0
80685710,78.0,78.86,2013-02-07,SLB,SCHLUMBERGER LTD,5651.0,485.0
80685710,79.07,78.24,2013-02-08,SLB,SCHLUMBERGER LTD,5651.0,485.0
80685710,77.93,78.56,2013-02-11,SLB,SCHLUMBERGER LTD,5651.0,485.0
80685710,78.53,78.51,2013-02-12,SLB,SCHLUMBERGER LTD,5651.0,485.0
80685710,78.63,78.49,2013-02-13,SLB,SCHLUMBERGER LTD,5651.0,485.0
80685710,81.56,78.51,2013-02-14,SLB,SCHLUMBERGER LTD,5651.0,485.0
80685710,80.03,81.03,2013-02-15,SLB,SCHLUMBERGER LTD,5651.0,485.0
80685710,79.99,80.09,2013-02-19,SLB,SCHLUMBERGER LTD,5651.0,485.0
80685710,78.53,80.07,2013-02-20,SLB,SCHLUMBERGER LTD,5651.0,485.0
80685710,77.43,77.97,2013-02-21,SLB,SCHLUMBERGER LTD,5651.0,485.0
80685710,77.79,77.93,2013-02-22,SLB,SCHLUMBERGER LTD,5651.0,485.0
80685710,75.83,78.36,2013-02-25,SLB,SCHLUMBERGER LTD,5651.0,485.0
80685710,76.33,76.34,2013-02-26,SLB,SCHLUMBERGER LTD,5651.0,485.0
80685710,77.9,76.21,2013-02-27,SLB,SCHLUMBERGER LTD,5651.0,485.0
80685710,77.85,77.82,2013-02-28,SLB,SCHLUMBERGER LTD,5651.0,485.0
80685710,77.64,77.35,2013-03-01,SLB,SCHLUMBERGER LTD,5651.0,485.0
80685710,76.5,77.49,2013-03-04,SLB,SCHLUMBERGER LTD,5651.0,485.0
80685710,76.95,77.24,2013-03-05,SLB,SCHLUMBERGER LTD,5651.0,485.0
80685710,77.16,77.54,2013-03-06,SLB,SCHLUMBERGER LTD,5651.0,485.0
80685710,77.82,77.2,2013-03-07,SLB,SCHLUMBERGER LTD,5651.0,485.0
80685710,77.96,78.02,2013-03-08,SLB,SCHLUMBERGER LTD,5651.0,485.0
80685710,77.78,77.57,2013-03-11,SLB,SCHLUMBERGER LTD,5651.0,485.0
80685710,77.44,77.98,2013-03-12,SLB,SCHLUMBERGER LTD,5651.0,485.0
80685710,77.39,77.71,2013-03-13,SLB,SCHLUMBERGER LTD,5651.0,485.0
80685710,78.75,77.84,2013-03-14,SLB,SCHLUMBERGER LTD,5651.0,485.0
80685710,79.4,78.48,2013-03-15,SLB,SCHLUMBERGER LTD,5651.0,485.0
80685710,76.34,77.33,2013-03-18,SLB,SCHLUMBERGER LTD,5651.0,485.0
80685710,73.98,76.63,2013-03-19,SLB,SCHLUMBERGER LTD,5651.0,485.0
80685710,73.79,74.18,2013-03-20,SLB,SCHLUMBERGER LTD,5651.0,485.0
80685710,73.44,73.32,2013-03-21,SLB,SCHLUMBERGER LTD,5651.0,485.0
80685710,74.37,73.84,2013-03-22,SLB,SCHLUMBERGER LTD,5651.0,485.0
80685710,73.86,74.72,2013-03-25,SLB,SCHLUMBERGER LTD,5651.0,485.0
80685710,74.42,74.41,2013-03-26,SLB,SCHLUMBERGER LTD,5651.0,485.0
80685710,75.1,73.89,2013-03-27,SLB,SCHLUMBERGER LTD,5651.0,485.0
80685710,74.89,74.97,2013-03-28,SLB,SCHLUMBERGER LTD,5651.0,485.0
80685710,74.02,75.08,2013-04-01,SLB,SCHLUMBERGER LTD,5651.0,485.0
80685710,74.81,74.48,2013-04-02,SLB,SCHLUMBERGER LTD,5651.0,485.0
80685710,74.01,74.82,2013-04-03,SLB,SCHLUMBERGER LTD,5651.0,485.0
80685710,73.94,73.91,2013-04-04,SLB,SCHLUMBERGER LTD,5651.0,485.0
80685710,74.35,73.09,2013-04-05,SLB,SCHLUMBERGER LTD,5651.0,485.0
80685710,74.96,74.3,2013-04-08,SLB,SCHLUMBERGER LTD,5651.0,485.0
80685710,75.43,75.11,2013-04-09,SLB,SCHLUMBERGER LTD,5651.0,485.0
80685710,76.99,75.47,2013-04-10,SLB,SCHLUMBERGER LTD,5651.0,485.0
80685710,77.14,77.19,2013-04-11,SLB,SCHLUMBERGER LTD,5651.0,485.0
80685710,75.66,76.62,2013-04-12,SLB,SCHLUMBERGER LTD,5651.0,485.0
80685710,71.89,74.61,2013-04-15,SLB,SCHLUMBERGER LTD,5651.0,485.0
80685710,73.29,72.76,2013-04-16,SLB,SCHLUMBERGER LTD,5651.0,485.0
80685710,70.97,72.39,2013-04-17,SLB,SCHLUMBERGER LTD,5651.0,485.0
80685710,71.0,71.4,2013-04-18,SLB,SCHLUMBERGER LTD,5651.0,485.0
80685710,69.95,73.7,2013-04-19,SLB,SCHLUMBERGER LTD,5651.0,485.0
80685710,71.23,71.01,2013-04-22,SLB,SCHLUMBERGER LTD,5651.0,485.0
80685710,71.94,71.64,2013-04-23,SLB,SCHLUMBERGER LTD,5651.0,485.0
80685710,73.17,72.41,2013-04-24,SLB,SCHLUMBERGER LTD,5651.0,485.0
80685710,73.44,73.25,2013-04-25,SLB,SCHLUMBERGER LTD,5651.0,485.0
80685710,73.34,73.32,2013-04-26,SLB,SCHLUMBERGER LTD,5651.0,485.0
80685710,74.03,73.56,2013-04-29,SLB,SCHLUMBERGER LTD,5651.0,485.0
80685710,74.43,74.17,2013-04-30,SLB,SCHLUMBERGER LTD,5651.0,485.0
80685710,73.79,73.93,2013-05-01,SLB,SCHLUMBERGER LTD,5651.0,485.0
80685710,74.25,73.82,2013-05-02,SLB,SCHLUMBERGER LTD,5651.0,485.0
80685710,75.72,75.04,2013-05-03,SLB,SCHLUMBERGER LTD,5651.0,485.0
80685710,76.16,75.72,2013-05-06,SLB,SCHLUMBERGER LTD,5651.0,485.0
80685710,76.89,76.59,2013-05-07,SLB,SCHLUMBERGER LTD,5651.0,485.0
80685710,77.59,76.87,2013-05-08,SLB,SCHLUMBERGER LTD,5651.0,485.0
80685710,77.25,77.48,2013-05-09,SLB,SCHLUMBERGER LTD,5651.0,485.0
80685710,76.82,76.94,2013-05-10,SLB,SCHLUMBERGER LTD,5651.0,485.0
80685710,77.04,76.74,2013-05-13,SLB,SCHLUMBERGER LTD,5651.0,485.0
80685710,76.86,76.73,2013-05-14,SLB,SCHLUMBERGER LTD,5651.0,485.0
80685710,75.68,75.59,2013-05-15,SLB,SCHLUMBERGER LTD,5651.0,485.0
80685710,75.27,75.76,2013-05-16,SLB,SCHLUMBERGER LTD,5651.0,485.0
80685710,75.74,75.9,2013-05-17,SLB,SCHLUMBERGER LTD,5651.0,485.0
80685710,77.42,75.56,2013-05-20,SLB,SCHLUMBERGER LTD,5651.0,485.0
80685710,77.08,77.39,2013-05-21,SLB,SCHLUMBERGER LTD,5651.0,485.0
80685710,75.58,76.95,2013-05-22,SLB,SCHLUMBERGER LTD,5651.0,485.0
80685710,75.38,74.44,2013-05-23,SLB,SCHLUMBERGER LTD,5651.0,485.0
80685710,74.66,74.67,2013-05-24,SLB,SCHLUMBERGER LTD,5651.0,485.0
80685710,75.4,75.87,2013-05-28,SLB,SCHLUMBERGER LTD,5651.0,485.0
80685710,74.98,74.82,2013-05-29,SLB,SCHLUMBERGER LTD,5651.0,485.0
80685710,74.81,74.58,2013-05-30,SLB,SCHLUMBERGER LTD,5651.0,485.0
80685710,73.03,74.39,2013-05-31,SLB,SCHLUMBERGER LTD,5651.0,485.0
80685710,73.25,73.19,2013-06-03,SLB,SCHLUMBERGER LTD,5651.0,485.0
80685710,72.85,73.14,2013-06-04,SLB,SCHLUMBERGER LTD,5651.0,485.0
80685710,72.18,72.6,2013-06-05,SLB,SCHLUMBERGER LTD,5651.0,485.0
80685710,73.3,72.12,2013-06-06,SLB,SCHLUMBERGER LTD,5651.0,485.0
80685710,73.93,74.04,2013-06-07,SLB,SCHLUMBERGER LTD,5651.0,485.0
80685710,73.3,74.11,2013-06-10,SLB,SCHLUMBERGER LTD,5651.0,485.0
80685710,71.44,72.37,2013-06-11,SLB,SCHLUMBERGER LTD,5651.0,485.0
80685710,70.95,72.14,2013-06-12,SLB,SCHLUMBERGER LTD,5651.0,485.0
80685710,72.46,71.11,2013-06-13,SLB,SCHLUMBERGER LTD,5651.0,485.0
80685710,71.6,72.51,2013-06-14,SLB,SCHLUMBERGER LTD,5651.0,485.0
80685710,73.1,72.4,2013-06-17,SLB,SCHLUMBERGER LTD,5651.0,485.0
80685710,74.16,73.18,2013-06-18,SLB,SCHLUMBERGER LTD,5651.0,485.0
80685710,73.4,74.26,2013-06-19,SLB,SCHLUMBERGER LTD,5651.0,485.0
80685710,72.14,72.61,2013-06-20,SLB,SCHLUMBERGER LTD,5651.0,485.0
80685710,72.83,72.78,2013-06-21,SLB,SCHLUMBERGER LTD,5651.0,485.0
80685710,71.24,71.84,2013-06-24,SLB,SCHLUMBERGER LTD,5651.0,485.0
80685710,72.09,72.04,2013-06-25,SLB,SCHLUMBERGER LTD,5651.0,485.0
80685710,71.81,72.62,2013-06-26,SLB,SCHLUMBERGER LTD,5651.0,485.0
80685710,71.93,72.12,2013-06-27,SLB,SCHLUMBERGER LTD,5651.0,485.0
80685710,71.66,71.81,2013-06-28,SLB,SCHLUMBERGER LTD,5651.0,485.0
80685710,72.78,72.19,2013-07-01,SLB,SCHLUMBERGER LTD,5651.0,485.0
80685710,72.61,73.31,2013-07-02,SLB,SCHLUMBERGER LTD,5651.0,485.0
80685710,73.01,72.49,2013-07-03,SLB,SCHLUMBERGER LTD,5651.0,485.0
80685710,74.09,73.42,2013-07-05,SLB,SCHLUMBERGER LTD,5651.0,485.0
80685710,74.79,74.62,2013-07-08,SLB,SCHLUMBERGER LTD,5651.0,485.0
80685710,76.54,75.23,2013-07-09,SLB,SCHLUMBERGER LTD,5651.0,485.0
80685710,76.18,76.37,2013-07-10,SLB,SCHLUMBERGER LTD,5651.0,485.0
80685710,76.63,77.08,2013-07-11,SLB,SCHLUMBERGER LTD,5651.0,485.0
80685710,76.84,76.42,2013-07-12,SLB,SCHLUMBERGER LTD,5651.0,485.0
80685710,77.02,76.84,2013-07-15,SLB,SCHLUMBERGER LTD,5651.0,485.0
80685710,76.52,77.19,2013-07-16,SLB,SCHLUMBERGER LTD,5651.0,485.0
80685710,77.61,76.76,2013-07-17,SLB,SCHLUMBERGER LTD,5651.0,485.0
80685710,78.48,77.76,2013-07-18,SLB,SCHLUMBERGER LTD,5651.0,485.0
80685710,82.74,81.21,2013-07-19,SLB,SCHLUMBERGER LTD,5651.0,485.0
80685710,83.81,82.36,2013-07-22,SLB,SCHLUMBERGER LTD,5651.0,485.0
80685710,83.57,83.86,2013-07-23,SLB,SCHLUMBERGER LTD,5651.0,485.0
80685710,82.85,83.73,2013-07-24,SLB,SCHLUMBERGER LTD,5651.0,485.0
80685710,82.57,82.52,2013-07-25,SLB,SCHLUMBERGER LTD,5651.0,485.0
80685710,81.91,82.27,2013-07-26,SLB,SCHLUMBERGER LTD,5651.0,485.0
80685710,81.15,81.11,2013-07-29,SLB,SCHLUMBERGER LTD,5651.0,485.0
80685710,81.43,81.48,2013-07-30,SLB,SCHLUMBERGER LTD,5651.0,485.0
80685710,81.33,81.99,2013-07-31,SLB,SCHLUMBERGER LTD,5651.0,485.0
80685710,83.55,82.35,2013-08-01,SLB,SCHLUMBERGER LTD,5651.0,485.0
80685710,82.89,83.49,2013-08-02,SLB,SCHLUMBERGER LTD,5651.0,485.0
80685710,82.89,82.87,2013-08-05,SLB,SCHLUMBERGER LTD,5651.0,485.0
80685710,82.22,82.73,2013-08-06,SLB,SCHLUMBERGER LTD,5651.0,485.0
80685710,81.05,81.64,2013-08-07,SLB,SCHLUMBERGER LTD,5651.0,485.0
80685710,81.23,81.57,2013-08-08,SLB,SCHLUMBERGER LTD,5651.0,485.0
80685710,80.49,81.14,2013-08-09,SLB,SCHLUMBERGER LTD,5651.0,485.0
80685710,80.25,80.03,2013-08-12,SLB,SCHLUMBERGER LTD,5651.0,485.0
80685710,82.22,80.67,2013-08-13,SLB,SCHLUMBERGER LTD,5651.0,485.0
80685710,82.16,82.3,2013-08-14,SLB,SCHLUMBERGER LTD,5651.0,485.0
80685710,81.99,81.62,2013-08-15,SLB,SCHLUMBERGER LTD,5651.0,485.0
80685710,81.92,81.92,2013-08-16,SLB,SCHLUMBERGER LTD,5651.0,485.0
80685710,80.41,81.26,2013-08-19,SLB,SCHLUMBERGER LTD,5651.0,485.0
80685710,80.62,80.47,2013-08-20,SLB,SCHLUMBERGER LTD,5651.0,485.0
80685710,80.05,80.26,2013-08-21,SLB,SCHLUMBERGER LTD,5651.0,485.0
80685710,82.21,80.77,2013-08-22,SLB,SCHLUMBERGER LTD,5651.0,485.0
80685710,81.67,82.51,2013-08-23,SLB,SCHLUMBERGER LTD,5651.0,485.0
80685710,81.9,81.83,2013-08-26,SLB,SCHLUMBERGER LTD,5651.0,485.0
80685710,81.17,81.1,2013-08-27,SLB,SCHLUMBERGER LTD,5651.0,485.0
80685710,82.68,81.4,2013-08-28,SLB,SCHLUMBERGER LTD,5651.0,485.0
80685710,81.6,82.7,2013-08-29,SLB,SCHLUMBERGER LTD,5651.0,485.0
80685710,80.94,81.56,2013-08-30,SLB,SCHLUMBERGER LTD,5651.0,485.0
80685710,82.42,81.69,2013-09-03,SLB,SCHLUMBERGER LTD,5651.0,485.0
80685710,82.86,82.11,2013-09-04,SLB,SCHLUMBERGER LTD,5651.0,485.0
80685710,84.22,83.23,2013-09-05,SLB,SCHLUMBERGER LTD,5651.0,485.0
80685710,85.14,84.72,2013-09-06,SLB,SCHLUMBERGER LTD,5651.0,485.0
80685710,86.45,85.18,2013-09-09,SLB,SCHLUMBERGER LTD,5651.0,485.0
80685710,86.9,86.15,2013-09-10,SLB,SCHLUMBERGER LTD,5651.0,485.0
80685710,87.05,86.81,2013-09-11,SLB,SCHLUMBERGER LTD,5651.0,485.0
80685710,86.58,86.85,2013-09-12,SLB,SCHLUMBERGER LTD,5651.0,485.0
80685710,86.72,86.47,2013-09-13,SLB,SCHLUMBERGER LTD,5651.0,485.0
80685710,87.0,87.36,2013-09-16,SLB,SCHLUMBERGER LTD,5651.0,485.0
80685710,87.74,86.96,2013-09-17,SLB,SCHLUMBERGER LTD,5651.0,485.0
80685710,88.95,87.64,2013-09-18,SLB,SCHLUMBERGER LTD,5651.0,485.0
80685710,88.79,88.84,2013-09-19,SLB,SCHLUMBERGER LTD,5651.0,485.0
80685710,87.44,89.08,2013-09-20,SLB,SCHLUMBERGER LTD,5651.0,485.0
80685710,87.04,87.16,2013-09-23,SLB,SCHLUMBERGER LTD,5651.0,485.0
80685710,87.91,87.42,2013-09-24,SLB,SCHLUMBERGER LTD,5651.0,485.0
80685710,88.57,87.83,2013-09-25,SLB,SCHLUMBERGER LTD,5651.0,485.0
80685710,88.83,88.77,2013-09-26,SLB,SCHLUMBERGER LTD,5651.0,485.0
80685710,88.82,88.31,2013-09-27,SLB,SCHLUMBERGER LTD,5651.0,485.0
80685710,88.36,87.49,2013-09-30,SLB,SCHLUMBERGER LTD,5651.0,485.0
80685710,89.05,87.99,2013-10-01,SLB,SCHLUMBERGER LTD,5651.0,485.0
80685710,89.85,89.0,2013-10-02,SLB,SCHLUMBERGER LTD,5651.0,485.0
80685710,89.44,89.63,2013-10-03,SLB,SCHLUMBERGER LTD,5651.0,485.0
80685710,90.01,89.56,2013-10-04,SLB,SCHLUMBERGER LTD,5651.0,485.0
80685710,89.29,89.28,2013-10-07,SLB,SCHLUMBERGER LTD,5651.0,485.0
80685710,87.95,89.33,2013-10-08,SLB,SCHLUMBERGER LTD,5651.0,485.0
80685710,87.04,87.95,2013-10-09,SLB,SCHLUMBERGER LTD,5651.0,485.0
80685710,89.42,87.97,2013-10-10,SLB,SCHLUMBERGER LTD,5651.0,485.0
80685710,90.02,89.05,2013-10-11,SLB,SCHLUMBERGER LTD,5651.0,485.0
80685710,91.17,89.33,2013-10-14,SLB,SCHLUMBERGER LTD,5651.0,485.0
80685710,90.54,90.54,2013-10-15,SLB,SCHLUMBERGER LTD,5651.0,485.0
80685710,92.18,90.93,2013-10-16,SLB,SCHLUMBERGER LTD,5651.0,485.0
80685710,91.43,91.83,2013-10-17,SLB,SCHLUMBERGER LTD,5651.0,485.0
80685710,93.99,93.1,2013-10-18,SLB,SCHLUMBERGER LTD,5651.0,485.0
80685710,93.48,94.12,2013-10-21,SLB,SCHLUMBERGER LTD,5651.0,485.0
80685710,94.46,93.39,2013-10-22,SLB,SCHLUMBERGER LTD,5651.0,485.0
80685710,92.84,93.67,2013-10-23,SLB,SCHLUMBERGER LTD,5651.0,485.0
80685710,92.85,92.81,2013-10-24,SLB,SCHLUMBERGER LTD,5651.0,485.0
80685710,92.9,92.47,2013-10-25,SLB,SCHLUMBERGER LTD,5651.0,485.0
80685710,92.85,92.71,2013-10-28,SLB,SCHLUMBERGER LTD,5651.0,485.0
80685710,94.0,93.24,2013-10-29,SLB,SCHLUMBERGER LTD,5651.0,485.0
80685710,93.88,94.43,2013-10-30,SLB,SCHLUMBERGER LTD,5651.0,485.0
80685710,93.72,93.88,2013-10-31,SLB,SCHLUMBERGER LTD,5651.0,485.0
80685710,93.0,93.95,2013-11-01,SLB,SCHLUMBERGER LTD,5651.0,485.0
80685710,93.51,93.4,2013-11-04,SLB,SCHLUMBERGER LTD,5651.0,485.0
80685710,92.39,92.97,2013-11-05,SLB,SCHLUMBERGER LTD,5651.0,485.0
80685710,93.23,93.07,2013-11-06,SLB,SCHLUMBERGER LTD,5651.0,485.0
80685710,92.05,93.65,2013-11-07,SLB,SCHLUMBERGER LTD,5651.0,485.0
80685710,93.79,91.87,2013-11-08,SLB,SCHLUMBERGER LTD,5651.0,485.0
80685710,93.87,93.78,2013-11-11,SLB,SCHLUMBERGER LTD,5651.0,485.0
80685710,91.99,93.47,2013-11-12,SLB,SCHLUMBERGER LTD,5651.0,485.0
80685710,93.08,91.66,2013-11-13,SLB,SCHLUMBERGER LTD,5651.0,485.0
80685710,93.31,93.18,2013-11-14,SLB,SCHLUMBERGER LTD,5651.0,485.0
80685710,92.98,93.39,2013-11-15,SLB,SCHLUMBERGER LTD,5651.0,485.0
80685710,92.02,93.21,2013-11-18,SLB,SCHLUMBERGER LTD,5651.0,485.0
80685710,91.28,91.67,2013-11-19,SLB,SCHLUMBERGER LTD,5651.0,485.0
80685710,90.45,91.94,2013-11-20,SLB,SCHLUMBERGER LTD,5651.0,485.0
80685710,91.01,90.81,2013-11-21,SLB,SCHLUMBERGER LTD,5651.0,485.0
80685710,92.73,91.31,2013-11-22,SLB,SCHLUMBERGER LTD,5651.0,485.0
80685710,89.81,92.46,2013-11-25,SLB,SCHLUMBERGER LTD,5651.0,485.0
80685710,89.46,89.87,2013-11-26,SLB,SCHLUMBERGER LTD,5651.0,485.0
80685710,87.95,89.32,2013-11-27,SLB,SCHLUMBERGER LTD,5651.0,485.0
80685710,88.42,88.13,2013-11-29,SLB,SCHLUMBERGER LTD,5651.0,485.0
80685710,87.6,88.64,2013-12-02,SLB,SCHLUMBERGER LTD,5651.0,485.0
80685710,87.64,87.16,2013-12-03,SLB,SCHLUMBERGER LTD,5651.0,485.0
80685710,87.28,87.37,2013-12-04,SLB,SCHLUMBERGER LTD,5651.0,485.0
80685710,86.87,86.74,2013-12-05,SLB,SCHLUMBERGER LTD,5651.0,485.0
80685710,88.15,88.1,2013-12-06,SLB,SCHLUMBERGER LTD,5651.0,485.0
80685710,88.03,88.52,2013-12-09,SLB,SCHLUMBERGER LTD,5651.0,485.0
80685710,87.01,87.7,2013-12-10,SLB,SCHLUMBERGER LTD,5651.0,485.0
80685710,86.14,87.0,2013-12-11,SLB,SCHLUMBERGER LTD,5651.0,485.0
80685710,86.96,86.23,2013-12-12,SLB,SCHLUMBERGER LTD,5651.0,485.0
80685710,86.37,87.38,2013-12-13,SLB,SCHLUMBERGER LTD,5651.0,485.0
80685710,87.0,86.99,2013-12-16,SLB,SCHLUMBERGER LTD,5651.0,485.0
80685710,85.54,87.03,2013-12-17,SLB,SCHLUMBERGER LTD,5651.0,485.0
80685710,87.26,85.58,2013-12-18,SLB,SCHLUMBERGER LTD,5651.0,485.0
80685710,86.47,87.04,2013-12-19,SLB,SCHLUMBERGER LTD,5651.0,485.0
80685710,87.27,86.51,2013-12-20,SLB,SCHLUMBERGER LTD,5651.0,485.0
80685710,87.32,87.88,2013-12-23,SLB,SCHLUMBERGER LTD,5651.0,485.0
80685710,88.31,87.53,2013-12-24,SLB,SCHLUMBERGER LTD,5651.0,485.0
80685710,89.39,88.48,2013-12-26,SLB,SCHLUMBERGER LTD,5651.0,485.0
80685710,89.9,89.54,2013-12-27,SLB,SCHLUMBERGER LTD,5651.0,485.0
80685710,89.17,89.97,2013-12-30,SLB,SCHLUMBERGER LTD,5651.0,485.0
80685710,90.11,89.5,2013-12-31,SLB,SCHLUMBERGER LTD,5651.0,485.0
80685710,88.82,89.48,2014-01-02,SLB,SCHLUMBERGER LTD,5651.0,485.0
80685710,88.35,88.94,2014-01-03,SLB,SCHLUMBERGER LTD,5651.0,485.0
80685710,88.02,88.88,2014-01-06,SLB,SCHLUMBERGER LTD,5651.0,485.0
80685710,87.51,88.05,2014-01-07,SLB,SCHLUMBERGER LTD,5651.0,485.0
80685710,86.98,87.36,2014-01-08,SLB,SCHLUMBERGER LTD,5651.0,485.0
80685710,86.48,87.52,2014-01-09,SLB,SCHLUMBERGER LTD,5651.0,485.0
80685710,88.17,86.08,2014-01-10,SLB,SCHLUMBERGER LTD,5651.0,485.0
80685710,87.46,88.4,2014-01-13,SLB,SCHLUMBERGER LTD,5651.0,485.0
80685710,88.87,87.91,2014-01-14,SLB,SCHLUMBERGER LTD,5651.0,485.0
80685710,88.89,88.91,2014-01-15,SLB,SCHLUMBERGER LTD,5651.0,485.0
80685710,88.61,88.88,2014-01-16,SLB,SCHLUMBERGER LTD,5651.0,485.0
80685710,90.21,89.81,2014-01-17,SLB,SCHLUMBERGER LTD,5651.0,485.0
80685710,91.09,91.2,2014-01-21,SLB,SCHLUMBERGER LTD,5651.0,485.0
80685710,91.21,91.32,2014-01-22,SLB,SCHLUMBERGER LTD,5651.0,485.0
80685710,90.26,90.64,2014-01-23,SLB,SCHLUMBERGER LTD,5651.0,485.0
80685710,88.15,89.23,2014-01-24,SLB,SCHLUMBERGER LTD,5651.0,485.0
80685710,87.91,88.3,2014-01-27,SLB,SCHLUMBERGER LTD,5651.0,485.0
80685710,87.76,88.22,2014-01-28,SLB,SCHLUMBERGER LTD,5651.0,485.0
80685710,87.3,87.08,2014-01-29,SLB,SCHLUMBERGER LTD,5651.0,485.0
80685710,88.81,87.9,2014-01-30,SLB,SCHLUMBERGER LTD,5651.0,485.0
80685710,87.57,87.87,2014-01-31,SLB,SCHLUMBERGER LTD,5651.0,485.0
80685710,86.23,87.8,2014-02-03,SLB,SCHLUMBERGER LTD,5651.0,485.0
80685710,87.19,86.35,2014-02-04,SLB,SCHLUMBERGER LTD,5651.0,485.0
80685710,86.16,87.15,2014-02-05,SLB,SCHLUMBERGER LTD,5651.0,485.0
80685710,88.51,86.55,2014-02-06,SLB,SCHLUMBERGER LTD,5651.0,485.0
80685710,89.5,88.99,2014-02-07,SLB,SCHLUMBERGER LTD,5651.0,485.0
80685710,89.04,89.46,2014-02-10,SLB,SCHLUMBERGER LTD,5651.0,485.0
80685710,90.37,89.03,2014-02-11,SLB,SCHLUMBERGER LTD,5651.0,485.0
80685710,90.03,90.42,2014-02-12,SLB,SCHLUMBERGER LTD,5651.0,485.0
80685710,90.26,89.55,2014-02-13,SLB,SCHLUMBERGER LTD,5651.0,485.0
80685710,90.45,90.06,2014-02-14,SLB,SCHLUMBERGER LTD,5651.0,485.0
80685710,90.63,90.46,2014-02-18,SLB,SCHLUMBERGER LTD,5651.0,485.0
80685710,90.48,90.28,2014-02-19,SLB,SCHLUMBERGER LTD,5651.0,485.0
80685710,91.03,90.41,2014-02-20,SLB,SCHLUMBERGER LTD,5651.0,485.0
80685710,90.07,91.25,2014-02-21,SLB,SCHLUMBERGER LTD,5651.0,485.0
80685710,92.72,90.42,2014-02-24,SLB,SCHLUMBERGER LTD,5651.0,485.0
80685710,92.56,92.24,2014-02-25,SLB,SCHLUMBERGER LTD,5651.0,485.0
80685710,92.35,93.29,2014-02-26,SLB,SCHLUMBERGER LTD,5651.0,485.0
80685710,92.57,91.98,2014-02-27,SLB,SCHLUMBERGER LTD,5651.0,485.0
80685710,93.0,93.17,2014-02-28,SLB,SCHLUMBERGER LTD,5651.0,485.0
80685710,91.26,92.26,2014-03-03,SLB,SCHLUMBERGER LTD,5651.0,485.0
80685710,92.49,92.5,2014-03-04,SLB,SCHLUMBERGER LTD,5651.0,485.0
80685710,92.01,92.14,2014-03-05,SLB,SCHLUMBERGER LTD,5651.0,485.0
80685710,92.75,92.23,2014-03-06,SLB,SCHLUMBERGER LTD,5651.0,485.0
80685710,92.98,93.23,2014-03-07,SLB,SCHLUMBERGER LTD,5651.0,485.0
80685710,92.87,92.67,2014-03-10,SLB,SCHLUMBERGER LTD,5651.0,485.0
80685710,91.95,93.28,2014-03-11,SLB,SCHLUMBERGER LTD,5651.0,485.0
80685710,91.17,91.19,2014-03-12,SLB,SCHLUMBERGER LTD,5651.0,485.0
80685710,90.27,91.57,2014-03-13,SLB,SCHLUMBERGER LTD,5651.0,485.0
80685710,89.09,90.21,2014-03-14,SLB,SCHLUMBERGER LTD,5651.0,485.0
80685710,89.78,89.15,2014-03-17,SLB,SCHLUMBERGER LTD,5651.0,485.0
80685710,90.5,90.2,2014-03-18,SLB,SCHLUMBERGER LTD,5651.0,485.0
80685710,90.36,90.58,2014-03-19,SLB,SCHLUMBERGER LTD,5651.0,485.0
80685710,91.11,90.35,2014-03-20,SLB,SCHLUMBERGER LTD,5651.0,485.0
80685710,92.67,91.91,2014-03-21,SLB,SCHLUMBERGER LTD,5651.0,485.0
80685710,93.23,93.1,2014-03-24,SLB,SCHLUMBERGER LTD,5651.0,485.0
80685710,95.56,94.49,2014-03-25,SLB,SCHLUMBERGER LTD,5651.0,485.0
80685710,95.43,95.84,2014-03-26,SLB,SCHLUMBERGER LTD,5651.0,485.0
80685710,96.49,95.41,2014-03-27,SLB,SCHLUMBERGER LTD,5651.0,485.0
80685710,97.57,96.69,2014-03-28,SLB,SCHLUMBERGER LTD,5651.0,485.0
80685710,97.5,97.83,2014-03-31,SLB,SCHLUMBERGER LTD,5651.0,485.0
80685710,97.96,97.19,2014-04-01,SLB,SCHLUMBERGER LTD,5651.0,485.0
80685710,97.69,98.07,2014-04-02,SLB,SCHLUMBERGER LTD,5651.0,485.0
80685710,98.07,97.98,2014-04-03,SLB,SCHLUMBERGER LTD,5651.0,485.0
80685710,98.03,98.24,2014-04-04,SLB,SCHLUMBERGER LTD,5651.0,485.0
80685710,97.6,97.92,2014-04-07,SLB,SCHLUMBERGER LTD,5651.0,485.0
80685710,98.44,97.42,2014-04-08,SLB,SCHLUMBERGER LTD,5651.0,485.0
80685710,99.02,98.56,2014-04-09,SLB,SCHLUMBERGER LTD,5651.0,485.0
80685710,97.32,98.89,2014-04-10,SLB,SCHLUMBERGER LTD,5651.0,485.0
80685710,97.1,96.92,2014-04-11,SLB,SCHLUMBERGER LTD,5651.0,485.0
80685710,98.48,97.85,2014-04-14,SLB,SCHLUMBERGER LTD,5651.0,485.0
80685710,100.11,98.48,2014-04-15,SLB,SCHLUMBERGER LTD,5651.0,485.0
80685710,100.94,100.52,2014-04-16,SLB,SCHLUMBERGER LTD,5651.0,485.0
80685710,99.91,101.58,2014-04-17,SLB,SCHLUMBERGER LTD,5651.0,485.0
80685710,101.8,100.33,2014-04-21,SLB,SCHLUMBERGER LTD,5651.0,485.0
80685710,102.03,101.31,2014-04-22,SLB,SCHLUMBERGER LTD,5651.0,485.0
80685710,102.21,102.02,2014-04-23,SLB,SCHLUMBERGER LTD,5651.0,485.0
80685710,101.8,102.06,2014-04-24,SLB,SCHLUMBERGER LTD,5651.0,485.0
80685710,101.75,101.57,2014-04-25,SLB,SCHLUMBERGER LTD,5651.0,485.0
80685710,101.29,102.13,2014-04-28,SLB,SCHLUMBERGER LTD,5651.0,485.0
80685710,101.39,101.84,2014-04-29,SLB,SCHLUMBERGER LTD,5651.0,485.0
80685710,101.55,101.23,2014-04-30,SLB,SCHLUMBERGER LTD,5651.0,485.0
80685710,100.8,101.58,2014-05-01,SLB,SCHLUMBERGER LTD,5651.0,485.0
80685710,101.03,101.39,2014-05-02,SLB,SCHLUMBERGER LTD,5651.0,485.0
80685710,101.1,100.65,2014-05-05,SLB,SCHLUMBERGER LTD,5651.0,485.0
80685710,101.0,101.05,2014-05-06,SLB,SCHLUMBERGER LTD,5651.0,485.0
80685710,101.88,101.28,2014-05-07,SLB,SCHLUMBERGER LTD,5651.0,485.0
80685710,100.28,101.84,2014-05-08,SLB,SCHLUMBERGER LTD,5651.0,485.0
80685710,100.22,100.27,2014-05-09,SLB,SCHLUMBERGER LTD,5651.0,485.0
80685710,100.29,100.65,2014-05-12,SLB,SCHLUMBERGER LTD,5651.0,485.0
80685710,100.25,100.28,2014-05-13,SLB,SCHLUMBERGER LTD,5651.0,485.0
80685710,100.74,100.26,2014-05-14,SLB,SCHLUMBERGER LTD,5651.0,485.0
80685710,99.5,100.36,2014-05-15,SLB,SCHLUMBERGER LTD,5651.0,485.0
80685710,99.59,99.2,2014-05-16,SLB,SCHLUMBERGER LTD,5651.0,485.0
80685710,100.29,99.37,2014-05-19,SLB,SCHLUMBERGER LTD,5651.0,485.0
80685710,100.39,100.03,2014-05-20,SLB,SCHLUMBERGER LTD,5651.0,485.0
80685710,101.58,100.84,2014-05-21,SLB,SCHLUMBERGER LTD,5651.0,485.0
80685710,101.6,101.45,2014-05-22,SLB,SCHLUMBERGER LTD,5651.0,485.0
80685710,101.39,101.6,2014-05-23,SLB,SCHLUMBERGER LTD,5651.0,485.0
80685710,102.16,101.91,2014-05-27,SLB,SCHLUMBERGER LTD,5651.0,485.0
80685710,101.87,102.4,2014-05-28,SLB,SCHLUMBERGER LTD,5651.0,485.0
80685710,103.86,102.34,2014-05-29,SLB,SCHLUMBERGER LTD,5651.0,485.0
80685710,104.04,103.69,2014-05-30,SLB,SCHLUMBERGER LTD,5651.0,485.0
80685710,103.91,104.07,2014-06-02,SLB,SCHLUMBERGER LTD,5651.0,485.0
80685710,103.85,103.93,2014-06-03,SLB,SCHLUMBERGER LTD,5651.0,485.0
80685710,103.72,103.52,2014-06-04,SLB,SCHLUMBERGER LTD,5651.0,485.0
80685710,103.91,103.64,2014-06-05,SLB,SCHLUMBERGER LTD,5651.0,485.0
80685710,105.99,104.46,2014-06-06,SLB,SCHLUMBERGER LTD,5651.0,485.0
80685710,106.72,105.95,2014-06-09,SLB,SCHLUMBERGER LTD,5651.0,485.0
80685710,106.53,106.21,2014-06-10,SLB,SCHLUMBERGER LTD,5651.0,485.0
80685710,106.54,106.26,2014-06-11,SLB,SCHLUMBERGER LTD,5651.0,485.0
80685710,106.33,106.84,2014-06-12,SLB,SCHLUMBERGER LTD,5651.0,485.0
80685710,108.25,106.9,2014-06-13,SLB,SCHLUMBERGER LTD,5651.0,485.0
80685710,107.05,107.8,2014-06-16,SLB,SCHLUMBERGER LTD,5651.0,485.0
80685710,106.1,106.66,2014-06-17,SLB,SCHLUMBERGER LTD,5651.0,485.0
80685710,107.08,106.09,2014-06-18,SLB,SCHLUMBERGER LTD,5651.0,485.0
80685710,107.6,107.15,2014-06-19,SLB,SCHLUMBERGER LTD,5651.0,485.0
80685710,108.83,108.04,2014-06-20,SLB,SCHLUMBERGER LTD,5651.0,485.0
80685710,108.9,109.29,2014-06-23,SLB,SCHLUMBERGER LTD,5651.0,485.0
80685710,106.98,108.85,2014-06-24,SLB,SCHLUMBERGER LTD,5651.0,485.0
80685710,113.85,106.85,2014-06-25,SLB,SCHLUMBERGER LTD,5651.0,485.0
80685710,116.12,114.92,2014-06-26,SLB,SCHLUMBERGER LTD,5651.0,485.0
80685710,117.8,115.94,2014-06-27,SLB,SCHLUMBERGER LTD,5651.0,485.0
80685710,117.95,117.49,2014-06-30,SLB,SCHLUMBERGER LTD,5651.0,485.0
80685710,117.85,118.3,2014-07-01,SLB,SCHLUMBERGER LTD,5651.0,485.0
80685710,117.73,117.98,2014-07-02,SLB,SCHLUMBERGER LTD,5651.0,485.0
80685710,117.5,117.74,2014-07-03,SLB,SCHLUMBERGER LTD,5651.0,485.0
80685710,117.43,117.34,2014-07-07,SLB,SCHLUMBERGER LTD,5651.0,485.0
80685710,116.75,117.05,2014-07-08,SLB,SCHLUMBERGER LTD,5651.0,485.0
80685710,116.96,117.27,2014-07-09,SLB,SCHLUMBERGER LTD,5651.0,485.0
80685710,115.4,115.84,2014-07-10,SLB,SCHLUMBERGER LTD,5651.0,485.0
80685710,114.7,115.31,2014-07-11,SLB,SCHLUMBERGER LTD,5651.0,485.0
80685710,115.94,114.82,2014-07-14,SLB,SCHLUMBERGER LTD,5651.0,485.0
80685710,114.46,114.45,2014-07-15,SLB,SCHLUMBERGER LTD,5651.0,485.0
80685710,115.88,115.0,2014-07-16,SLB,SCHLUMBERGER LTD,5651.0,485.0
80685710,114.64,115.65,2014-07-17,SLB,SCHLUMBERGER LTD,5651.0,485.0
80685710,112.36,113.5,2014-07-18,SLB,SCHLUMBERGER LTD,5651.0,485.0
80685710,113.04,112.38,2014-07-21,SLB,SCHLUMBERGER LTD,5651.0,485.0
80685710,113.41,113.74,2014-07-22,SLB,SCHLUMBERGER LTD,5651.0,485.0
80685710,112.11,113.59,2014-07-23,SLB,SCHLUMBERGER LTD,5651.0,485.0
80685710,113.1,112.3,2014-07-24,SLB,SCHLUMBERGER LTD,5651.0,485.0
80685710,111.78,112.75,2014-07-25,SLB,SCHLUMBERGER LTD,5651.0,485.0
80685710,111.89,111.93,2014-07-28,SLB,SCHLUMBERGER LTD,5651.0,485.0
80685710,111.12,112.2,2014-07-29,SLB,SCHLUMBERGER LTD,5651.0,485.0
80685710,110.27,111.53,2014-07-30,SLB,SCHLUMBERGER LTD,5651.0,485.0
80685710,108.39,109.58,2014-07-31,SLB,SCHLUMBERGER LTD,5651.0,485.0
80685710,107.95,107.86,2014-08-01,SLB,SCHLUMBERGER LTD,5651.0,485.0
80685710,109.67,108.04,2014-08-04,SLB,SCHLUMBERGER LTD,5651.0,485.0
80685710,107.08,108.89,2014-08-05,SLB,SCHLUMBERGER LTD,5651.0,485.0
80685710,107.57,106.44,2014-08-06,SLB,SCHLUMBERGER LTD,5651.0,485.0
80685710,107.01,107.97,2014-08-07,SLB,SCHLUMBERGER LTD,5651.0,485.0
80685710,108.38,107.25,2014-08-08,SLB,SCHLUMBERGER LTD,5651.0,485.0
80685710,109.21,108.97,2014-08-11,SLB,SCHLUMBERGER LTD,5651.0,485.0
80685710,107.87,108.95,2014-08-12,SLB,SCHLUMBERGER LTD,5651.0,485.0
80685710,107.62,108.69,2014-08-13,SLB,SCHLUMBERGER LTD,5651.0,485.0
80685710,105.91,107.96,2014-08-14,SLB,SCHLUMBERGER LTD,5651.0,485.0
80685710,106.53,106.3,2014-08-15,SLB,SCHLUMBERGER LTD,5651.0,485.0
80685710,108.14,109.26,2014-08-18,SLB,SCHLUMBERGER LTD,5651.0,485.0
80685710,109.42,109.07,2014-08-19,SLB,SCHLUMBERGER LTD,5651.0,485.0
80685710,109.85,109.86,2014-08-20,SLB,SCHLUMBERGER LTD,5651.0,485.0
80685710,109.44,109.96,2014-08-21,SLB,SCHLUMBERGER LTD,5651.0,485.0
80685710,109.03,109.06,2014-08-22,SLB,SCHLUMBERGER LTD,5651.0,485.0
80685710,110.22,109.67,2014-08-25,SLB,SCHLUMBERGER LTD,5651.0,485.0
80685710,111.02,110.75,2014-08-26,SLB,SCHLUMBERGER LTD,5651.0,485.0
80685710,111.04,111.48,2014-08-27,SLB,SCHLUMBERGER LTD,5651.0,485.0
80685710,110.16,110.84,2014-08-28,SLB,SCHLUMBERGER LTD,5651.0,485.0
80685710,109.64,110.29,2014-08-29,SLB,SCHLUMBERGER LTD,5651.0,485.0
80685710,108.06,109.63,2014-09-02,SLB,SCHLUMBERGER LTD,5651.0,485.0
80685710,108.17,109.25,2014-09-03,SLB,SCHLUMBERGER LTD,5651.0,485.0
80685710,105.64,108.24,2014-09-04,SLB,SCHLUMBERGER LTD,5651.0,485.0
80685710,106.76,106.03,2014-09-05,SLB,SCHLUMBERGER LTD,5651.0,485.0
80685710,104.49,105.92,2014-09-08,SLB,SCHLUMBERGER LTD,5651.0,485.0
80685710,103.97,104.67,2014-09-09,SLB,SCHLUMBERGER LTD,5651.0,485.0
80685710,104.27,104.07,2014-09-10,SLB,SCHLUMBERGER LTD,5651.0,485.0
80685710,104.45,103.22,2014-09-11,SLB,SCHLUMBERGER LTD,5651.0,485.0
80685710,102.22,103.73,2014-09-12,SLB,SCHLUMBERGER LTD,5651.0,485.0
80685710,103.05,102.03,2014-09-15,SLB,SCHLUMBERGER LTD,5651.0,485.0
80685710,104.96,102.87,2014-09-16,SLB,SCHLUMBERGER LTD,5651.0,485.0
80685710,103.31,105.41,2014-09-17,SLB,SCHLUMBERGER LTD,5651.0,485.0
80685710,104.47,103.78,2014-09-18,SLB,SCHLUMBERGER LTD,5651.0,485.0
80685710,103.21,104.57,2014-09-19,SLB,SCHLUMBERGER LTD,5651.0,485.0
80685710,101.72,103.24,2014-09-22,SLB,SCHLUMBERGER LTD,5651.0,485.0
80685710,102.09,101.81,2014-09-23,SLB,SCHLUMBERGER LTD,5651.0,485.0
80685710,102.07,102.21,2014-09-24,SLB,SCHLUMBERGER LTD,5651.0,485.0
80685710,101.01,103.39,2014-09-25,SLB,SCHLUMBERGER LTD,5651.0,485.0
80685710,103.46,101.35,2014-09-26,SLB,SCHLUMBERGER LTD,5651.0,485.0
80685710,103.28,102.25,2014-09-29,SLB,SCHLUMBERGER LTD,5651.0,485.0
80685710,101.69,103.63,2014-09-30,SLB,SCHLUMBERGER LTD,5651.0,485.0
80685710,98.85,101.41,2014-10-01,SLB,SCHLUMBERGER LTD,5651.0,485.0
80685710,97.78,98.14,2014-10-02,SLB,SCHLUMBERGER LTD,5651.0,485.0
80685710,97.9,98.24,2014-10-03,SLB,SCHLUMBERGER LTD,5651.0,485.0
80685710,98.56,98.38,2014-10-06,SLB,SCHLUMBERGER LTD,5651.0,485.0
80685710,98.23,98.18,2014-10-07,SLB,SCHLUMBERGER LTD,5651.0,485.0
80685710,98.44,97.7,2014-10-08,SLB,SCHLUMBERGER LTD,5651.0,485.0
80685710,94.92,97.96,2014-10-09,SLB,SCHLUMBERGER LTD,5651.0,485.0
80685710,93.07,94.1,2014-10-10,SLB,SCHLUMBERGER LTD,5651.0,485.0
80685710,90.93,92.83,2014-10-13,SLB,SCHLUMBERGER LTD,5651.0,485.0
80685710,88.96,91.1,2014-10-14,SLB,SCHLUMBERGER LTD,5651.0,485.0
80685710,89.21,87.9,2014-10-15,SLB,SCHLUMBERGER LTD,5651.0,485.0
80685710,90.64,86.75,2014-10-16,SLB,SCHLUMBERGER LTD,5651.0,485.0
80685710,93.97,97.31,2014-10-17,SLB,SCHLUMBERGER LTD,5651.0,485.0
80685710,94.6,94.52,2014-10-20,SLB,SCHLUMBERGER LTD,5651.0,485.0
80685710,97.75,96.96,2014-10-21,SLB,SCHLUMBERGER LTD,5651.0,485.0
80685710,95.99,98.18,2014-10-22,SLB,SCHLUMBERGER LTD,5651.0,485.0
80685710,98.26,98.21,2014-10-23,SLB,SCHLUMBERGER LTD,5651.0,485.0
80685710,97.24,98.2,2014-10-24,SLB,SCHLUMBERGER LTD,5651.0,485.0
80685710,93.52,95.31,2014-10-27,SLB,SCHLUMBERGER LTD,5651.0,485.0
80685710,96.51,94.23,2014-10-28,SLB,SCHLUMBERGER LTD,5651.0,485.0
80685710,97.41,97.87,2014-10-29,SLB,SCHLUMBERGER LTD,5651.0,485.0
80685710,97.62,96.88,2014-10-30,SLB,SCHLUMBERGER LTD,5651.0,485.0
80685710,98.66,96.8,2014-10-31,SLB,SCHLUMBERGER LTD,5651.0,485.0
80685710,96.52,98.02,2014-11-03,SLB,SCHLUMBERGER LTD,5651.0,485.0
80685710,94.16,95.52,2014-11-04,SLB,SCHLUMBERGER LTD,5651.0,485.0
80685710,96.64,94.58,2014-11-05,SLB,SCHLUMBERGER LTD,5651.0,485.0
80685710,96.98,95.5,2014-11-06,SLB,SCHLUMBERGER LTD,5651.0,485.0
80685710,98.73,97.39,2014-11-07,SLB,SCHLUMBERGER LTD,5651.0,485.0
80685710,98.29,99.45,2014-11-10,SLB,SCHLUMBERGER LTD,5651.0,485.0
80685710,98.36,98.37,2014-11-11,SLB,SCHLUMBERGER LTD,5651.0,485.0
80685710,97.43,97.75,2014-11-12,SLB,SCHLUMBERGER LTD,5651.0,485.0
80685710,94.85,96.61,2014-11-13,SLB,SCHLUMBERGER LTD,5651.0,485.0
80685710,95.32,96.26,2014-11-14,SLB,SCHLUMBERGER LTD,5651.0,485.0
80685710,95.63,95.25,2014-11-17,SLB,SCHLUMBERGER LTD,5651.0,485.0
80685710,95.28,96.67,2014-11-18,SLB,SCHLUMBERGER LTD,5651.0,485.0
80685710,95.0,95.12,2014-11-19,SLB,SCHLUMBERGER LTD,5651.0,485.0
80685710,96.14,95.0,2014-11-20,SLB,SCHLUMBERGER LTD,5651.0,485.0
80685710,97.87,98.08,2014-11-21,SLB,SCHLUMBERGER LTD,5651.0,485.0
80685710,98.45,98.71,2014-11-24,SLB,SCHLUMBERGER LTD,5651.0,485.0
80685710,95.2,98.81,2014-11-25,SLB,SCHLUMBERGER LTD,5651.0,485.0
80685710,92.81,94.83,2014-11-26,SLB,SCHLUMBERGER LTD,5651.0,485.0
80685710,85.95,86.3,2014-11-28,SLB,SCHLUMBERGER LTD,5651.0,485.0
80685710,84.84,84.53,2014-12-01,SLB,SCHLUMBERGER LTD,5651.0,485.0
80685710,85.22,85.06,2014-12-02,SLB,SCHLUMBERGER LTD,5651.0,485.0
80685710,86.76,85.77,2014-12-03,SLB,SCHLUMBERGER LTD,5651.0,485.0
80685710,87.43,86.08,2014-12-04,SLB,SCHLUMBERGER LTD,5651.0,485.0
80685710,87.16,87.21,2014-12-05,SLB,SCHLUMBERGER LTD,5651.0,485.0
80685710,84.21,86.04,2014-12-08,SLB,SCHLUMBERGER LTD,5651.0,485.0
80685710,85.47,83.31,2014-12-09,SLB,SCHLUMBERGER LTD,5651.0,485.0
80685710,83.17,83.99,2014-12-10,SLB,SCHLUMBERGER LTD,5651.0,485.0
80685710,83.01,82.95,2014-12-11,SLB,SCHLUMBERGER LTD,5651.0,485.0
80685710,80.0,82.05,2014-12-12,SLB,SCHLUMBERGER LTD,5651.0,485.0
80685710,79.9,80.24,2014-12-15,SLB,SCHLUMBERGER LTD,5651.0,485.0
80685710,80.19,78.87,2014-12-16,SLB,SCHLUMBERGER LTD,5651.0,485.0
80685710,82.88,81.17,2014-12-17,SLB,SCHLUMBERGER LTD,5651.0,485.0
80685710,84.23,85.25,2014-12-18,SLB,SCHLUMBERGER LTD,5651.0,485.0
80685710,87.52,84.31,2014-12-19,SLB,SCHLUMBERGER LTD,5651.0,485.0
80685710,86.75,87.34,2014-12-22,SLB,SCHLUMBERGER LTD,5651.0,485.0
80685710,87.32,87.1,2014-12-23,SLB,SCHLUMBERGER LTD,5651.0,485.0
80685710,87.06,86.76,2014-12-24,SLB,SCHLUMBERGER LTD,5651.0,485.0
80685710,87.13,87.55,2014-12-26,SLB,SCHLUMBERGER LTD,5651.0,485.0
80685710,87.35,87.4,2014-12-29,SLB,SCHLUMBERGER LTD,5651.0,485.0
80685710,86.44,87.06,2014-12-30,SLB,SCHLUMBERGER LTD,5651.0,485.0
80685710,85.41,85.72,2014-12-31,SLB,SCHLUMBERGER LTD,5651.0,485.0
80685710,85.67,84.81,2015-01-02,SLB,SCHLUMBERGER LTD,5651.0,485.0
80685710,83.35,84.4,2015-01-05,SLB,SCHLUMBERGER LTD,5651.0,485.0
80685710,81.72,82.94,2015-01-06,SLB,SCHLUMBERGER LTD,5651.0,485.0
80685710,81.71,82.55,2015-01-07,SLB,SCHLUMBERGER LTD,5651.0,485.0
80685710,82.7,82.49,2015-01-08,SLB,SCHLUMBERGER LTD,5651.0,485.0
80685710,81.22,83.28,2015-01-09,SLB,SCHLUMBERGER LTD,5651.0,485.0
80685710,78.05,79.13,2015-01-12,SLB,SCHLUMBERGER LTD,5651.0,485.0
80685710,77.78,78.0,2015-01-13,SLB,SCHLUMBERGER LTD,5651.0,485.0
80685710,78.39,75.99,2015-01-14,SLB,SCHLUMBERGER LTD,5651.0,485.0
80685710,76.63,78.74,2015-01-15,SLB,SCHLUMBERGER LTD,5651.0,485.0
80685710,81.33,77.48,2015-01-16,SLB,SCHLUMBERGER LTD,5651.0,485.0
80685710,80.48,80.38,2015-01-20,SLB,SCHLUMBERGER LTD,5651.0,485.0
80685710,82.21,80.42,2015-01-21,SLB,SCHLUMBERGER LTD,5651.0,485.0
80685710,82.14,82.94,2015-01-22,SLB,SCHLUMBERGER LTD,5651.0,485.0
80685710,82.0,81.93,2015-01-23,SLB,SCHLUMBERGER LTD,5651.0,485.0
80685710,83.68,82.06,2015-01-26,SLB,SCHLUMBERGER LTD,5651.0,485.0
80685710,84.55,82.72,2015-01-27,SLB,SCHLUMBERGER LTD,5651.0,485.0
80685710,80.75,84.2,2015-01-28,SLB,SCHLUMBERGER LTD,5651.0,485.0
80685710,81.9,81.16,2015-01-29,SLB,SCHLUMBERGER LTD,5651.0,485.0
80685710,82.39,81.34,2015-01-30,SLB,SCHLUMBERGER LTD,5651.0,485.0
80685710,84.64,83.99,2015-02-02,SLB,SCHLUMBERGER LTD,5651.0,485.0
80685710,87.08,85.99,2015-02-03,SLB,SCHLUMBERGER LTD,5651.0,485.0
80685710,84.55,85.75,2015-02-04,SLB,SCHLUMBERGER LTD,5651.0,485.0
80685710,85.92,85.64,2015-02-05,SLB,SCHLUMBERGER LTD,5651.0,485.0
80685710,86.16,86.82,2015-02-06,SLB,SCHLUMBERGER LTD,5651.0,485.0
80685710,85.82,86.16,2015-02-09,SLB,SCHLUMBERGER LTD,5651.0,485.0
80685710,85.22,85.78,2015-02-10,SLB,SCHLUMBERGER LTD,5651.0,485.0
80685710,84.73,83.9,2015-02-11,SLB,SCHLUMBERGER LTD,5651.0,485.0
80685710,85.96,86.16,2015-02-12,SLB,SCHLUMBERGER LTD,5651.0,485.0
80685710,88.38,87.37,2015-02-13,SLB,SCHLUMBERGER LTD,5651.0,485.0
80685710,88.89,88.43,2015-02-17,SLB,SCHLUMBERGER LTD,5651.0,485.0
80685710,87.74,88.12,2015-02-18,SLB,SCHLUMBERGER LTD,5651.0,485.0
80685710,86.98,85.24,2015-02-19,SLB,SCHLUMBERGER LTD,5651.0,485.0
80685710,85.88,86.67,2015-02-20,SLB,SCHLUMBERGER LTD,5651.0,485.0
80685710,85.54,84.79,2015-02-23,SLB,SCHLUMBERGER LTD,5651.0,485.0
80685710,85.31,86.59,2015-02-24,SLB,SCHLUMBERGER LTD,5651.0,485.0
80685710,85.21,85.39,2015-02-25,SLB,SCHLUMBERGER LTD,5651.0,485.0
80685710,83.89,84.48,2015-02-26,SLB,SCHLUMBERGER LTD,5651.0,485.0
80685710,84.16,83.97,2015-02-27,SLB,SCHLUMBERGER LTD,5651.0,485.0
80685710,84.62,83.69,2015-03-02,SLB,SCHLUMBERGER LTD,5651.0,485.0
80685710,84.91,84.86,2015-03-03,SLB,SCHLUMBERGER LTD,5651.0,485.0
80685710,85.14,85.06,2015-03-04,SLB,SCHLUMBERGER LTD,5651.0,485.0
80685710,84.82,84.34,2015-03-05,SLB,SCHLUMBERGER LTD,5651.0,485.0
80685710,83.11,84.02,2015-03-06,SLB,SCHLUMBERGER LTD,5651.0,485.0
80685710,82.36,82.87,2015-03-09,SLB,SCHLUMBERGER LTD,5651.0,485.0
80685710,81.31,81.32,2015-03-10,SLB,SCHLUMBERGER LTD,5651.0,485.0
80685710,81.27,81.44,2015-03-11,SLB,SCHLUMBERGER LTD,5651.0,485.0
80685710,80.94,81.46,2015-03-12,SLB,SCHLUMBERGER LTD,5651.0,485.0
80685710,80.42,80.24,2015-03-13,SLB,SCHLUMBERGER LTD,5651.0,485.0
80685710,81.26,79.91,2015-03-16,SLB,SCHLUMBERGER LTD,5651.0,485.0
80685710,80.47,80.35,2015-03-17,SLB,SCHLUMBERGER LTD,5651.0,485.0
80685710,82.05,80.06,2015-03-18,SLB,SCHLUMBERGER LTD,5651.0,485.0
80685710,81.01,80.73,2015-03-19,SLB,SCHLUMBERGER LTD,5651.0,485.0
80685710,82.37,81.61,2015-03-20,SLB,SCHLUMBERGER LTD,5651.0,485.0
80685710,82.0,82.49,2015-03-23,SLB,SCHLUMBERGER LTD,5651.0,485.0
80685710,81.85,81.9,2015-03-24,SLB,SCHLUMBERGER LTD,5651.0,485.0
80685710,83.29,82.65,2015-03-25,SLB,SCHLUMBERGER LTD,5651.0,485.0
80685710,83.16,84.0,2015-03-26,SLB,SCHLUMBERGER LTD,5651.0,485.0
80685710,83.31,83.01,2015-03-27,SLB,SCHLUMBERGER LTD,5651.0,485.0
80685710,84.48,83.88,2015-03-30,SLB,SCHLUMBERGER LTD,5651.0,485.0
80685710,83.44,83.72,2015-03-31,SLB,SCHLUMBERGER LTD,5651.0,485.0
80685710,84.28,84.0,2015-04-01,SLB,SCHLUMBERGER LTD,5651.0,485.0
80685710,84.39,84.09,2015-04-02,SLB,SCHLUMBERGER LTD,5651.0,485.0
80685710,85.91,84.96,2015-04-06,SLB,SCHLUMBERGER LTD,5651.0,485.0
80685710,86.27,86.14,2015-04-07,SLB,SCHLUMBERGER LTD,5651.0,485.0
80685710,86.12,86.56,2015-04-08,SLB,SCHLUMBERGER LTD,5651.0,485.0
80685710,88.45,86.38,2015-04-09,SLB,SCHLUMBERGER LTD,5651.0,485.0
80685710,89.11,88.78,2015-04-10,SLB,SCHLUMBERGER LTD,5651.0,485.0
80685710,88.02,88.98,2015-04-13,SLB,SCHLUMBERGER LTD,5651.0,485.0
80685710,88.8,88.59,2015-04-14,SLB,SCHLUMBERGER LTD,5651.0,485.0
80685710,92.0,89.46,2015-04-15,SLB,SCHLUMBERGER LTD,5651.0,485.0
80685710,91.89,91.25,2015-04-16,SLB,SCHLUMBERGER LTD,5651.0,485.0
80685710,92.86,94.11,2015-04-17,SLB,SCHLUMBERGER LTD,5651.0,485.0
80685710,92.47,92.58,2015-04-20,SLB,SCHLUMBERGER LTD,5651.0,485.0
80685710,91.29,92.46,2015-04-21,SLB,SCHLUMBERGER LTD,5651.0,485.0
80685710,92.16,91.87,2015-04-22,SLB,SCHLUMBERGER LTD,5651.0,485.0
80685710,93.05,92.32,2015-04-23,SLB,SCHLUMBERGER LTD,5651.0,485.0
80685710,91.61,92.51,2015-04-24,SLB,SCHLUMBERGER LTD,5651.0,485.0
80685710,92.33,92.18,2015-04-27,SLB,SCHLUMBERGER LTD,5651.0,485.0
80685710,92.66,92.09,2015-04-28,SLB,SCHLUMBERGER LTD,5651.0,485.0
80685710,94.28,92.58,2015-04-29,SLB,SCHLUMBERGER LTD,5651.0,485.0
80685710,94.61,94.23,2015-04-30,SLB,SCHLUMBERGER LTD,5651.0,485.0
80685710,93.0,94.48,2015-05-01,SLB,SCHLUMBERGER LTD,5651.0,485.0
80685710,92.98,94.18,2015-05-04,SLB,SCHLUMBERGER LTD,5651.0,485.0
80685710,92.04,93.66,2015-05-05,SLB,SCHLUMBERGER LTD,5651.0,485.0
80685710,92.27,92.71,2015-05-06,SLB,SCHLUMBERGER LTD,5651.0,485.0
80685710,90.23,91.61,2015-05-07,SLB,SCHLUMBERGER LTD,5651.0,485.0
80685710,92.43,91.32,2015-05-08,SLB,SCHLUMBERGER LTD,5651.0,485.0
80685710,91.77,93.39,2015-05-11,SLB,SCHLUMBERGER LTD,5651.0,485.0
80685710,92.47,91.38,2015-05-12,SLB,SCHLUMBERGER LTD,5651.0,485.0
80685710,92.51,93.12,2015-05-13,SLB,SCHLUMBERGER LTD,5651.0,485.0
80685710,92.17,92.8,2015-05-14,SLB,SCHLUMBERGER LTD,5651.0,485.0
80685710,92.14,91.85,2015-05-15,SLB,SCHLUMBERGER LTD,5651.0,485.0
80685710,92.75,91.96,2015-05-18,SLB,SCHLUMBERGER LTD,5651.0,485.0
80685710,90.56,91.74,2015-05-19,SLB,SCHLUMBERGER LTD,5651.0,485.0
80685710,90.75,90.7,2015-05-20,SLB,SCHLUMBERGER LTD,5651.0,485.0
80685710,92.03,91.36,2015-05-21,SLB,SCHLUMBERGER LTD,5651.0,485.0
80685710,92.02,91.46,2015-05-22,SLB,SCHLUMBERGER LTD,5651.0,485.0
80685710,90.74,91.12,2015-05-26,SLB,SCHLUMBERGER LTD,5651.0,485.0
80685710,91.0,90.09,2015-05-27,SLB,SCHLUMBERGER LTD,5651.0,485.0
80685710,90.65,90.66,2015-05-28,SLB,SCHLUMBERGER LTD,5651.0,485.0
80685710,90.77,91.02,2015-05-29,SLB,SCHLUMBERGER LTD,5651.0,485.0
80685710,90.65,90.19,2015-06-01,SLB,SCHLUMBERGER LTD,5651.0,485.0
80685710,91.5,91.06,2015-06-02,SLB,SCHLUMBERGER LTD,5651.0,485.0
80685710,91.36,91.28,2015-06-03,SLB,SCHLUMBERGER LTD,5651.0,485.0
80685710,90.07,90.84,2015-06-04,SLB,SCHLUMBERGER LTD,5651.0,485.0
80685710,90.17,89.69,2015-06-05,SLB,SCHLUMBERGER LTD,5651.0,485.0
80685710,89.37,89.83,2015-06-08,SLB,SCHLUMBERGER LTD,5651.0,485.0
80685710,89.86,90.16,2015-06-09,SLB,SCHLUMBERGER LTD,5651.0,485.0
80685710,91.63,90.98,2015-06-10,SLB,SCHLUMBERGER LTD,5651.0,485.0
80685710,90.67,91.63,2015-06-11,SLB,SCHLUMBERGER LTD,5651.0,485.0
80685710,90.15,90.24,2015-06-12,SLB,SCHLUMBERGER LTD,5651.0,485.0
80685710,89.43,89.41,2015-06-15,SLB,SCHLUMBERGER LTD,5651.0,485.0
80685710,89.69,89.6,2015-06-16,SLB,SCHLUMBERGER LTD,5651.0,485.0
80685710,89.67,90.03,2015-06-17,SLB,SCHLUMBERGER LTD,5651.0,485.0
80685710,88.63,90.09,2015-06-18,SLB,SCHLUMBERGER LTD,5651.0,485.0
80685710,86.62,87.57,2015-06-19,SLB,SCHLUMBERGER LTD,5651.0,485.0
80685710,86.97,86.91,2015-06-22,SLB,SCHLUMBERGER LTD,5651.0,485.0
80685710,88.0,86.68,2015-06-23,SLB,SCHLUMBERGER LTD,5651.0,485.0
80685710,87.51,87.26,2015-06-24,SLB,SCHLUMBERGER LTD,5651.0,485.0
80685710,86.67,87.36,2015-06-25,SLB,SCHLUMBERGER LTD,5651.0,485.0
80685710,86.67,86.39,2015-06-26,SLB,SCHLUMBERGER LTD,5651.0,485.0
80685710,85.66,85.6,2015-06-29,SLB,SCHLUMBERGER LTD,5651.0,485.0
80685710,86.19,86.38,2015-06-30,SLB,SCHLUMBERGER LTD,5651.0,485.0
80685710,84.3,86.42,2015-07-01,SLB,SCHLUMBERGER LTD,5651.0,485.0
80685710,84.01,84.6,2015-07-02,SLB,SCHLUMBERGER LTD,5651.0,485.0
80685710,83.49,82.87,2015-07-06,SLB,SCHLUMBERGER LTD,5651.0,485.0
80685710,84.2,83.63,2015-07-07,SLB,SCHLUMBERGER LTD,5651.0,485.0
80685710,82.92,83.94,2015-07-08,SLB,SCHLUMBERGER LTD,5651.0,485.0
80685710,83.55,84.28,2015-07-09,SLB,SCHLUMBERGER LTD,5651.0,485.0
80685710,83.96,84.28,2015-07-10,SLB,SCHLUMBERGER LTD,5651.0,485.0
80685710,84.29,84.02,2015-07-13,SLB,SCHLUMBERGER LTD,5651.0,485.0
80685710,85.29,84.4,2015-07-14,SLB,SCHLUMBERGER LTD,5651.0,485.0
80685710,83.63,84.76,2015-07-15,SLB,SCHLUMBERGER LTD,5651.0,485.0
80685710,83.89,84.58,2015-07-16,SLB,SCHLUMBERGER LTD,5651.0,485.0
80685710,83.71,84.21,2015-07-17,SLB,SCHLUMBERGER LTD,5651.0,485.0
80685710,83.52,84.24,2015-07-20,SLB,SCHLUMBERGER LTD,5651.0,485.0
80685710,84.3,83.38,2015-07-21,SLB,SCHLUMBERGER LTD,5651.0,485.0
80685710,85.26,83.98,2015-07-22,SLB,SCHLUMBERGER LTD,5651.0,485.0
80685710,86.02,85.23,2015-07-23,SLB,SCHLUMBERGER LTD,5651.0,485.0
80685710,82.9,85.75,2015-07-24,SLB,SCHLUMBERGER LTD,5651.0,485.0
80685710,81.76,82.0,2015-07-27,SLB,SCHLUMBERGER LTD,5651.0,485.0
80685710,82.5,82.54,2015-07-28,SLB,SCHLUMBERGER LTD,5651.0,485.0
80685710,83.89,82.0,2015-07-29,SLB,SCHLUMBERGER LTD,5651.0,485.0
80685710,83.52,84.06,2015-07-30,SLB,SCHLUMBERGER LTD,5651.0,485.0
80685710,82.82,83.1,2015-07-31,SLB,SCHLUMBERGER LTD,5651.0,485.0
80685710,82.08,82.04,2015-08-03,SLB,SCHLUMBERGER LTD,5651.0,485.0
80685710,82.27,82.34,2015-08-04,SLB,SCHLUMBERGER LTD,5651.0,485.0
80685710,82.5,82.94,2015-08-05,SLB,SCHLUMBERGER LTD,5651.0,485.0
80685710,83.59,82.13,2015-08-06,SLB,SCHLUMBERGER LTD,5651.0,485.0
80685710,82.25,83.22,2015-08-07,SLB,SCHLUMBERGER LTD,5651.0,485.0
80685710,84.44,82.2,2015-08-10,SLB,SCHLUMBERGER LTD,5651.0,485.0
80685710,84.36,82.97,2015-08-11,SLB,SCHLUMBERGER LTD,5651.0,485.0
80685710,84.83,83.99,2015-08-12,SLB,SCHLUMBERGER LTD,5651.0,485.0
80685710,84.09,84.39,2015-08-13,SLB,SCHLUMBERGER LTD,5651.0,485.0
80685710,83.86,84.02,2015-08-14,SLB,SCHLUMBERGER LTD,5651.0,485.0
80685710,83.5,83.06,2015-08-17,SLB,SCHLUMBERGER LTD,5651.0,485.0
80685710,83.15,83.55,2015-08-18,SLB,SCHLUMBERGER LTD,5651.0,485.0
80685710,80.67,82.37,2015-08-19,SLB,SCHLUMBERGER LTD,5651.0,485.0
80685710,79.44,80.47,2015-08-20,SLB,SCHLUMBERGER LTD,5651.0,485.0
80685710,77.5,78.8,2015-08-21,SLB,SCHLUMBERGER LTD,5651.0,485.0
80685710,73.87,73.92,2015-08-24,SLB,SCHLUMBERGER LTD,5651.0,485.0
80685710,72.52,76.6,2015-08-25,SLB,SCHLUMBERGER LTD,5651.0,485.0
80685710,70.09,71.05,2015-08-26,SLB,SCHLUMBERGER LTD,5651.0,485.0
80685710,73.85,72.3,2015-08-27,SLB,SCHLUMBERGER LTD,5651.0,485.0
80685710,76.06,74.1,2015-08-28,SLB,SCHLUMBERGER LTD,5651.0,485.0
80685710,77.37,75.13,2015-08-31,SLB,SCHLUMBERGER LTD,5651.0,485.0
80685710,75.42,75.3,2015-09-01,SLB,SCHLUMBERGER LTD,5651.0,485.0
80685710,75.41,76.66,2015-09-02,SLB,SCHLUMBERGER LTD,5651.0,485.0
80685710,76.26,76.16,2015-09-03,SLB,SCHLUMBERGER LTD,5651.0,485.0
80685710,75.0,75.13,2015-09-04,SLB,SCHLUMBERGER LTD,5651.0,485.0
80685710,75.54,75.3,2015-09-08,SLB,SCHLUMBERGER LTD,5651.0,485.0
80685710,74.4,75.66,2015-09-09,SLB,SCHLUMBERGER LTD,5651.0,485.0
80685710,74.07,74.55,2015-09-10,SLB,SCHLUMBERGER LTD,5651.0,485.0
80685710,73.7,73.47,2015-09-11,SLB,SCHLUMBERGER LTD,5651.0,485.0
80685710,72.84,73.4,2015-09-14,SLB,SCHLUMBERGER LTD,5651.0,485.0
80685710,73.59,73.28,2015-09-15,SLB,SCHLUMBERGER LTD,5651.0,485.0
80685710,76.16,74.22,2015-09-16,SLB,SCHLUMBERGER LTD,5651.0,485.0
80685710,75.3,76.16,2015-09-17,SLB,SCHLUMBERGER LTD,5651.0,485.0
80685710,72.54,73.98,2015-09-18,SLB,SCHLUMBERGER LTD,5651.0,485.0
80685710,72.87,73.26,2015-09-21,SLB,SCHLUMBERGER LTD,5651.0,485.0
80685710,72.57,71.52,2015-09-22,SLB,SCHLUMBERGER LTD,5651.0,485.0
80685710,71.94,73.21,2015-09-23,SLB,SCHLUMBERGER LTD,5651.0,485.0
80685710,72.69,71.39,2015-09-24,SLB,SCHLUMBERGER LTD,5651.0,485.0
80685710,72.9,73.25,2015-09-25,SLB,SCHLUMBERGER LTD,5651.0,485.0
80685710,69.37,71.65,2015-09-28,SLB,SCHLUMBERGER LTD,5651.0,485.0
80685710,69.1,69.61,2015-09-29,SLB,SCHLUMBERGER LTD,5651.0,485.0
80685710,68.97,69.28,2015-09-30,SLB,SCHLUMBERGER LTD,5651.0,485.0
80685710,67.65,70.11,2015-10-01,SLB,SCHLUMBERGER LTD,5651.0,485.0
80685710,70.32,66.93,2015-10-02,SLB,SCHLUMBERGER LTD,5651.0,485.0
80685710,72.09,71.25,2015-10-05,SLB,SCHLUMBERGER LTD,5651.0,485.0
80685710,73.94,72.3,2015-10-06,SLB,SCHLUMBERGER LTD,5651.0,485.0
80685710,75.35,75.43,2015-10-07,SLB,SCHLUMBERGER LTD,5651.0,485.0
80685710,76.64,75.28,2015-10-08,SLB,SCHLUMBERGER LTD,5651.0,485.0
80685710,76.36,77.15,2015-10-09,SLB,SCHLUMBERGER LTD,5651.0,485.0
80685710,74.94,76.65,2015-10-12,SLB,SCHLUMBERGER LTD,5651.0,485.0
80685710,74.64,74.19,2015-10-13,SLB,SCHLUMBERGER LTD,5651.0,485.0
80685710,75.01,74.6,2015-10-14,SLB,SCHLUMBERGER LTD,5651.0,485.0
80685710,76.16,75.36,2015-10-15,SLB,SCHLUMBERGER LTD,5651.0,485.0
80685710,74.51,75.75,2015-10-16,SLB,SCHLUMBERGER LTD,5651.0,485.0
80685710,74.14,73.35,2015-10-19,SLB,SCHLUMBERGER LTD,5651.0,485.0
80685710,75.55,73.89,2015-10-20,SLB,SCHLUMBERGER LTD,5651.0,485.0
80685710,75.63,75.3,2015-10-21,SLB,SCHLUMBERGER LTD,5651.0,485.0
80685710,78.26,76.37,2015-10-22,SLB,SCHLUMBERGER LTD,5651.0,485.0
80685710,78.35,77.84,2015-10-23,SLB,SCHLUMBERGER LTD,5651.0,485.0
80685710,77.15,78.06,2015-10-26,SLB,SCHLUMBERGER LTD,5651.0,485.0
80685710,76.95,75.46,2015-10-27,SLB,SCHLUMBERGER LTD,5651.0,485.0
80685710,79.13,77.85,2015-10-28,SLB,SCHLUMBERGER LTD,5651.0,485.0
80685710,78.69,78.73,2015-10-29,SLB,SCHLUMBERGER LTD,5651.0,485.0
80685710,78.16,78.64,2015-10-30,SLB,SCHLUMBERGER LTD,5651.0,485.0
80685710,79.43,77.65,2015-11-02,SLB,SCHLUMBERGER LTD,5651.0,485.0
80685710,81.52,79.87,2015-11-03,SLB,SCHLUMBERGER LTD,5651.0,485.0
80685710,80.31,81.45,2015-11-04,SLB,SCHLUMBERGER LTD,5651.0,485.0
80685710,78.8,79.74,2015-11-05,SLB,SCHLUMBERGER LTD,5651.0,485.0
80685710,79.06,78.05,2015-11-06,SLB,SCHLUMBERGER LTD,5651.0,485.0
80685710,77.91,78.82,2015-11-09,SLB,SCHLUMBERGER LTD,5651.0,485.0
80685710,78.77,77.4,2015-11-10,SLB,SCHLUMBERGER LTD,5651.0,485.0
80685710,77.63,78.48,2015-11-11,SLB,SCHLUMBERGER LTD,5651.0,485.0
80685710,76.6,76.35,2015-11-12,SLB,SCHLUMBERGER LTD,5651.0,485.0
80685710,76.14,76.25,2015-11-13,SLB,SCHLUMBERGER LTD,5651.0,485.0
80685710,78.33,76.27,2015-11-16,SLB,SCHLUMBERGER LTD,5651.0,485.0
80685710,76.74,78.04,2015-11-17,SLB,SCHLUMBERGER LTD,5651.0,485.0
80685710,78.55,77.0,2015-11-18,SLB,SCHLUMBERGER LTD,5651.0,485.0
80685710,77.92,77.73,2015-11-19,SLB,SCHLUMBERGER LTD,5651.0,485.0
80685710,77.15,77.92,2015-11-20,SLB,SCHLUMBERGER LTD,5651.0,485.0
80685710,77.22,76.69,2015-11-23,SLB,SCHLUMBERGER LTD,5651.0,485.0
80685710,78.18,77.51,2015-11-24,SLB,SCHLUMBERGER LTD,5651.0,485.0
80685710,77.53,77.43,2015-11-25,SLB,SCHLUMBERGER LTD,5651.0,485.0
80685710,77.33,76.79,2015-11-27,SLB,SCHLUMBERGER LTD,5651.0,485.0
80685710,77.15,77.09,2015-11-30,SLB,SCHLUMBERGER LTD,5651.0,485.0
80685710,78.17,76.81,2015-12-01,SLB,SCHLUMBERGER LTD,5651.0,485.0
80685710,75.81,77.39,2015-12-02,SLB,SCHLUMBERGER LTD,5651.0,485.0
80685710,74.81,76.46,2015-12-03,SLB,SCHLUMBERGER LTD,5651.0,485.0
80685710,74.71,73.83,2015-12-04,SLB,SCHLUMBERGER LTD,5651.0,485.0
80685710,72.8,72.65,2015-12-07,SLB,SCHLUMBERGER LTD,5651.0,485.0
80685710,71.5,71.22,2015-12-08,SLB,SCHLUMBERGER LTD,5651.0,485.0
80685710,72.12,72.1,2015-12-09,SLB,SCHLUMBERGER LTD,5651.0,485.0
80685710,71.48,71.79,2015-12-10,SLB,SCHLUMBERGER LTD,5651.0,485.0
80685710,69.82,70.53,2015-12-11,SLB,SCHLUMBERGER LTD,5651.0,485.0
80685710,70.02,69.38,2015-12-14,SLB,SCHLUMBERGER LTD,5651.0,485.0
80685710,71.84,71.0,2015-12-15,SLB,SCHLUMBERGER LTD,5651.0,485.0
80685710,71.22,71.5,2015-12-16,SLB,SCHLUMBERGER LTD,5651.0,485.0
80685710,69.2,71.11,2015-12-17,SLB,SCHLUMBERGER LTD,5651.0,485.0
80685710,67.34,69.04,2015-12-18,SLB,SCHLUMBERGER LTD,5651.0,485.0
80685710,67.95,67.44,2015-12-21,SLB,SCHLUMBERGER LTD,5651.0,485.0
80685710,69.49,68.42,2015-12-22,SLB,SCHLUMBERGER LTD,5651.0,485.0
80685710,71.01,70.61,2015-12-23,SLB,SCHLUMBERGER LTD,5651.0,485.0
80685710,70.53,70.9,2015-12-24,SLB,SCHLUMBERGER LTD,5651.0,485.0
80685710,70.42,69.52,2015-12-28,SLB,SCHLUMBERGER LTD,5651.0,485.0
80685710,70.51,71.68,2015-12-29,SLB,SCHLUMBERGER LTD,5651.0,485.0
80685710,69.64,69.41,2015-12-30,SLB,SCHLUMBERGER LTD,5651.0,485.0
80685710,69.75,69.37,2015-12-31,SLB,SCHLUMBERGER LTD,5651.0,485.0
80685710,69.18,69.45,2016-01-04,SLB,SCHLUMBERGER LTD,5651.0,485.0
80685710,69.5,69.34,2016-01-05,SLB,SCHLUMBERGER LTD,5651.0,485.0
80685710,67.7,67.92,2016-01-06,SLB,SCHLUMBERGER LTD,5651.0,485.0
80685710,66.19,66.23,2016-01-07,SLB,SCHLUMBERGER LTD,5651.0,485.0
80685710,65.08,66.36,2016-01-08,SLB,SCHLUMBERGER LTD,5651.0,485.0
80685710,64.83,65.19,2016-01-11,SLB,SCHLUMBERGER LTD,5651.0,485.0
80685710,64.74,65.95,2016-01-12,SLB,SCHLUMBERGER LTD,5651.0,485.0
80685710,63.95,65.6,2016-01-13,SLB,SCHLUMBERGER LTD,5651.0,485.0
80685710,64.68,64.36,2016-01-14,SLB,SCHLUMBERGER LTD,5651.0,485.0
80685710,63.01,62.06,2016-01-15,SLB,SCHLUMBERGER LTD,5651.0,485.0
80685710,62.82,63.16,2016-01-19,SLB,SCHLUMBERGER LTD,5651.0,485.0
80685710,61.06,61.4,2016-01-20,SLB,SCHLUMBERGER LTD,5651.0,485.0
80685710,61.45,61.21,2016-01-21,SLB,SCHLUMBERGER LTD,5651.0,485.0
80685710,65.2,64.52,2016-01-22,SLB,SCHLUMBERGER LTD,5651.0,485.0
80685710,63.3,63.9,2016-01-25,SLB,SCHLUMBERGER LTD,5651.0,485.0
80685710,65.33,64.39,2016-01-26,SLB,SCHLUMBERGER LTD,5651.0,485.0
80685710,65.55,65.34,2016-01-27,SLB,SCHLUMBERGER LTD,5651.0,485.0
80685710,69.51,68.23,2016-01-28,SLB,SCHLUMBERGER LTD,5651.0,485.0
80685710,72.27,69.98,2016-01-29,SLB,SCHLUMBERGER LTD,5651.0,485.0
80685710,71.46,71.12,2016-02-01,SLB,SCHLUMBERGER LTD,5651.0,485.0
80685710,68.84,69.32,2016-02-02,SLB,SCHLUMBERGER LTD,5651.0,485.0
80685710,70.83,70.03,2016-02-03,SLB,SCHLUMBERGER LTD,5651.0,485.0
80685710,70.54,71.53,2016-02-04,SLB,SCHLUMBERGER LTD,5651.0,485.0
80685710,68.81,69.74,2016-02-05,SLB,SCHLUMBERGER LTD,5651.0,485.0
80685710,69.78,68.03,2016-02-08,SLB,SCHLUMBERGER LTD,5651.0,485.0
80685710,67.8,68.91,2016-02-09,SLB,SCHLUMBERGER LTD,5651.0,485.0
80685710,67.73,67.77,2016-02-10,SLB,SCHLUMBERGER LTD,5651.0,485.0
80685710,68.83,66.3,2016-02-11,SLB,SCHLUMBERGER LTD,5651.0,485.0
80685710,70.31,68.88,2016-02-12,SLB,SCHLUMBERGER LTD,5651.0,485.0
80685710,71.75,71.35,2016-02-16,SLB,SCHLUMBERGER LTD,5651.0,485.0
80685710,72.93,72.55,2016-02-17,SLB,SCHLUMBERGER LTD,5651.0,485.0
80685710,72.68,73.73,2016-02-18,SLB,SCHLUMBERGER LTD,5651.0,485.0
80685710,72.87,71.97,2016-02-19,SLB,SCHLUMBERGER LTD,5651.0,485.0
80685710,74.37,73.82,2016-02-22,SLB,SCHLUMBERGER LTD,5651.0,485.0
80685710,72.08,73.88,2016-02-23,SLB,SCHLUMBERGER LTD,5651.0,485.0
80685710,72.21,70.89,2016-02-24,SLB,SCHLUMBERGER LTD,5651.0,485.0
80685710,72.35,71.93,2016-02-25,SLB,SCHLUMBERGER LTD,5651.0,485.0
80685710,72.47,73.12,2016-02-26,SLB,SCHLUMBERGER LTD,5651.0,485.0
80685710,71.72,72.35,2016-02-29,SLB,SCHLUMBERGER LTD,5651.0,485.0
80685710,74.01,72.46,2016-03-01,SLB,SCHLUMBERGER LTD,5651.0,485.0
80685710,74.41,73.47,2016-03-02,SLB,SCHLUMBERGER LTD,5651.0,485.0
80685710,74.85,74.04,2016-03-03,SLB,SCHLUMBERGER LTD,5651.0,485.0
80685710,74.83,75.11,2016-03-04,SLB,SCHLUMBERGER LTD,5651.0,485.0
80685710,76.16,74.31,2016-03-07,SLB,SCHLUMBERGER LTD,5651.0,485.0
80685710,72.7,75.26,2016-03-08,SLB,SCHLUMBERGER LTD,5651.0,485.0
80685710,72.75,73.75,2016-03-09,SLB,SCHLUMBERGER LTD,5651.0,485.0
80685710,73.18,72.8,2016-03-10,SLB,SCHLUMBERGER LTD,5651.0,485.0
80685710,75.0,73.9,2016-03-11,SLB,SCHLUMBERGER LTD,5651.0,485.0
80685710,73.44,73.97,2016-03-14,SLB,SCHLUMBERGER LTD,5651.0,485.0
80685710,73.23,72.48,2016-03-15,SLB,SCHLUMBERGER LTD,5651.0,485.0
80685710,73.35,73.68,2016-03-16,SLB,SCHLUMBERGER LTD,5651.0,485.0
80685710,74.54,74.11,2016-03-17,SLB,SCHLUMBERGER LTD,5651.0,485.0
80685710,73.52,75.01,2016-03-18,SLB,SCHLUMBERGER LTD,5651.0,485.0
80685710,74.89,72.37,2016-03-21,SLB,SCHLUMBERGER LTD,5651.0,485.0
80685710,73.61,74.05,2016-03-22,SLB,SCHLUMBERGER LTD,5651.0,485.0
80685710,72.96,73.04,2016-03-23,SLB,SCHLUMBERGER LTD,5651.0,485.0
80685710,72.58,71.91,2016-03-24,SLB,SCHLUMBERGER LTD,5651.0,485.0
80685710,72.8,72.89,2016-03-28,SLB,SCHLUMBERGER LTD,5651.0,485.0
80685710,73.0,71.58,2016-03-29,SLB,SCHLUMBERGER LTD,5651.0,485.0
80685710,74.41,73.67,2016-03-30,SLB,SCHLUMBERGER LTD,5651.0,485.0
80685710,73.75,74.29,2016-03-31,SLB,SCHLUMBERGER LTD,5651.0,485.0
80685710,72.12,72.37,2016-04-01,SLB,SCHLUMBERGER LTD,5651.0,485.0
80685710,72.64,72.44,2016-04-04,SLB,SCHLUMBERGER LTD,5651.0,485.0
80685710,72.66,72.01,2016-04-05,SLB,SCHLUMBERGER LTD,5651.0,485.0
80685710,73.16,73.0,2016-04-06,SLB,SCHLUMBERGER LTD,5651.0,485.0
80685710,72.01,72.51,2016-04-07,SLB,SCHLUMBERGER LTD,5651.0,485.0
80685710,73.85,73.44,2016-04-08,SLB,SCHLUMBERGER LTD,5651.0,485.0
80685710,73.88,74.36,2016-04-11,SLB,SCHLUMBERGER LTD,5651.0,485.0
80685710,75.9,74.17,2016-04-12,SLB,SCHLUMBERGER LTD,5651.0,485.0
80685710,77.37,75.98,2016-04-13,SLB,SCHLUMBERGER LTD,5651.0,485.0
80685710,77.16,77.46,2016-04-14,SLB,SCHLUMBERGER LTD,5651.0,485.0
80685710,76.26,77.16,2016-04-15,SLB,SCHLUMBERGER LTD,5651.0,485.0
80685710,77.45,74.74,2016-04-18,SLB,SCHLUMBERGER LTD,5651.0,485.0
80685710,79.64,77.99,2016-04-19,SLB,SCHLUMBERGER LTD,5651.0,485.0
80685710,81.1,79.15,2016-04-20,SLB,SCHLUMBERGER LTD,5651.0,485.0
80685710,80.27,80.88,2016-04-21,SLB,SCHLUMBERGER LTD,5651.0,485.0
80685710,79.93,77.72,2016-04-22,SLB,SCHLUMBERGER LTD,5651.0,485.0
80685710,78.77,79.56,2016-04-25,SLB,SCHLUMBERGER LTD,5651.0,485.0
80685710,79.2,79.13,2016-04-26,SLB,SCHLUMBERGER LTD,5651.0,485.0
80685710,80.6,79.78,2016-04-27,SLB,SCHLUMBERGER LTD,5651.0,485.0
80685710,79.78,79.99,2016-04-28,SLB,SCHLUMBERGER LTD,5651.0,485.0
80685710,80.34,79.99,2016-04-29,SLB,SCHLUMBERGER LTD,5651.0,485.0
80685710,79.4,79.95,2016-05-02,SLB,SCHLUMBERGER LTD,5651.0,485.0
80685710,77.23,78.33,2016-05-03,SLB,SCHLUMBERGER LTD,5651.0,485.0
80685710,75.73,77.21,2016-05-04,SLB,SCHLUMBERGER LTD,5651.0,485.0
80685710,75.4,76.76,2016-05-05,SLB,SCHLUMBERGER LTD,5651.0,485.0
80685710,75.12,75.03,2016-05-06,SLB,SCHLUMBERGER LTD,5651.0,485.0
80685710,72.77,73.49,2016-05-09,SLB,SCHLUMBERGER LTD,5651.0,485.0
80685710,74.26,73.33,2016-05-10,SLB,SCHLUMBERGER LTD,5651.0,485.0
80685710,73.81,74.01,2016-05-11,SLB,SCHLUMBERGER LTD,5651.0,485.0
80685710,74.09,74.24,2016-05-12,SLB,SCHLUMBERGER LTD,5651.0,485.0
80685710,72.43,73.56,2016-05-13,SLB,SCHLUMBERGER LTD,5651.0,485.0
80685710,74.0,73.3,2016-05-16,SLB,SCHLUMBERGER LTD,5651.0,485.0
80685710,74.88,74.24,2016-05-17,SLB,SCHLUMBERGER LTD,5651.0,485.0
80685710,73.17,74.5,2016-05-18,SLB,SCHLUMBERGER LTD,5651.0,485.0
80685710,74.2,72.57,2016-05-19,SLB,SCHLUMBERGER LTD,5651.0,485.0
80685710,74.96,74.67,2016-05-20,SLB,SCHLUMBERGER LTD,5651.0,485.0
80685710,75.01,75.52,2016-05-23,SLB,SCHLUMBERGER LTD,5651.0,485.0
80685710,75.62,75.5,2016-05-24,SLB,SCHLUMBERGER LTD,5651.0,485.0
80685710,77.91,76.0,2016-05-25,SLB,SCHLUMBERGER LTD,5651.0,485.0
80685710,77.88,78.38,2016-05-26,SLB,SCHLUMBERGER LTD,5651.0,485.0
80685710,77.17,77.05,2016-05-27,SLB,SCHLUMBERGER LTD,5651.0,485.0
80685710,76.3,77.07,2016-05-31,SLB,SCHLUMBERGER LTD,5651.0,485.0
80685710,75.86,75.41,2016-06-01,SLB,SCHLUMBERGER LTD,5651.0,485.0
80685710,75.45,75.47,2016-06-02,SLB,SCHLUMBERGER LTD,5651.0,485.0
80685710,75.63,75.7,2016-06-03,SLB,SCHLUMBERGER LTD,5651.0,485.0
80685710,79.09,76.56,2016-06-06,SLB,SCHLUMBERGER LTD,5651.0,485.0
80685710,80.1,79.45,2016-06-07,SLB,SCHLUMBERGER LTD,5651.0,485.0
80685710,80.81,80.73,2016-06-08,SLB,SCHLUMBERGER LTD,5651.0,485.0
80685710,79.96,79.47,2016-06-09,SLB,SCHLUMBERGER LTD,5651.0,485.0
80685710,78.53,78.69,2016-06-10,SLB,SCHLUMBERGER LTD,5651.0,485.0
80685710,77.64,78.01,2016-06-13,SLB,SCHLUMBERGER LTD,5651.0,485.0
80685710,77.46,77.18,2016-06-14,SLB,SCHLUMBERGER LTD,5651.0,485.0
80685710,76.85,77.18,2016-06-15,SLB,SCHLUMBERGER LTD,5651.0,485.0
80685710,76.34,76.15,2016-06-16,SLB,SCHLUMBERGER LTD,5651.0,485.0
80685710,77.5,76.88,2016-06-17,SLB,SCHLUMBERGER LTD,5651.0,485.0
80685710,77.59,78.88,2016-06-20,SLB,SCHLUMBERGER LTD,5651.0,485.0
80685710,78.52,77.5,2016-06-21,SLB,SCHLUMBERGER LTD,5651.0,485.0
80685710,78.27,79.01,2016-06-22,SLB,SCHLUMBERGER LTD,5651.0,485.0
80685710,79.59,78.99,2016-06-23,SLB,SCHLUMBERGER LTD,5651.0,485.0
80685710,76.66,76.63,2016-06-24,SLB,SCHLUMBERGER LTD,5651.0,485.0
80685710,75.07,75.41,2016-06-27,SLB,SCHLUMBERGER LTD,5651.0,485.0
80685710,76.63,75.96,2016-06-28,SLB,SCHLUMBERGER LTD,5651.0,485.0
80685710,77.83,77.53,2016-06-29,SLB,SCHLUMBERGER LTD,5651.0,485.0
80685710,79.08,77.96,2016-06-30,SLB,SCHLUMBERGER LTD,5651.0,485.0
80685710,79.52,79.14,2016-07-01,SLB,SCHLUMBERGER LTD,5651.0,485.0
80685710,77.63,78.73,2016-07-05,SLB,SCHLUMBERGER LTD,5651.0,485.0
80685710,78.06,77.43,2016-07-06,SLB,SCHLUMBERGER LTD,5651.0,485.0
80685710,77.7,78.3,2016-07-07,SLB,SCHLUMBERGER LTD,5651.0,485.0
80685710,78.74,78.32,2016-07-08,SLB,SCHLUMBERGER LTD,5651.0,485.0
80685710,78.02,79.0,2016-07-11,SLB,SCHLUMBERGER LTD,5651.0,485.0
80685710,79.65,79.14,2016-07-12,SLB,SCHLUMBERGER LTD,5651.0,485.0
80685710,78.88,79.65,2016-07-13,SLB,SCHLUMBERGER LTD,5651.0,485.0
80685710,79.1,79.77,2016-07-14,SLB,SCHLUMBERGER LTD,5651.0,485.0
80685710,79.35,79.82,2016-07-15,SLB,SCHLUMBERGER LTD,5651.0,485.0
80685710,79.7,78.81,2016-07-18,SLB,SCHLUMBERGER LTD,5651.0,485.0
80685710,79.81,79.59,2016-07-19,SLB,SCHLUMBERGER LTD,5651.0,485.0
80685710,80.6,79.43,2016-07-20,SLB,SCHLUMBERGER LTD,5651.0,485.0
80685710,80.02,80.51,2016-07-21,SLB,SCHLUMBERGER LTD,5651.0,485.0
80685710,81.61,80.02,2016-07-22,SLB,SCHLUMBERGER LTD,5651.0,485.0
80685710,80.71,81.3,2016-07-25,SLB,SCHLUMBERGER LTD,5651.0,485.0
80685710,80.6,79.9,2016-07-26,SLB,SCHLUMBERGER LTD,5651.0,485.0
80685710,79.88,80.68,2016-07-27,SLB,SCHLUMBERGER LTD,5651.0,485.0
80685710,79.05,79.77,2016-07-28,SLB,SCHLUMBERGER LTD,5651.0,485.0
80685710,80.52,78.23,2016-07-29,SLB,SCHLUMBERGER LTD,5651.0,485.0
80685710,78.46,79.79,2016-08-01,SLB,SCHLUMBERGER LTD,5651.0,485.0
80685710,78.89,78.81,2016-08-02,SLB,SCHLUMBERGER LTD,5651.0,485.0
80685710,79.62,78.71,2016-08-03,SLB,SCHLUMBERGER LTD,5651.0,485.0
80685710,80.39,79.6,2016-08-04,SLB,SCHLUMBERGER LTD,5651.0,485.0
80685710,81.2,80.62,2016-08-05,SLB,SCHLUMBERGER LTD,5651.0,485.0
80685710,82.5,81.64,2016-08-08,SLB,SCHLUMBERGER LTD,5651.0,485.0
80685710,81.83,83.03,2016-08-09,SLB,SCHLUMBERGER LTD,5651.0,485.0
80685710,80.85,82.03,2016-08-10,SLB,SCHLUMBERGER LTD,5651.0,485.0
80685710,81.5,81.14,2016-08-11,SLB,SCHLUMBERGER LTD,5651.0,485.0
80685710,81.2,81.8,2016-08-12,SLB,SCHLUMBERGER LTD,5651.0,485.0
80685710,82.04,81.75,2016-08-15,SLB,SCHLUMBERGER LTD,5651.0,485.0
80685710,81.92,81.93,2016-08-16,SLB,SCHLUMBERGER LTD,5651.0,485.0
80685710,82.21,81.6,2016-08-17,SLB,SCHLUMBERGER LTD,5651.0,485.0
80685710,83.86,82.48,2016-08-18,SLB,SCHLUMBERGER LTD,5651.0,485.0
80685710,83.31,83.51,2016-08-19,SLB,SCHLUMBERGER LTD,5651.0,485.0
80685710,82.05,82.65,2016-08-22,SLB,SCHLUMBERGER LTD,5651.0,485.0
80685710,81.75,82.17,2016-08-23,SLB,SCHLUMBERGER LTD,5651.0,485.0
80685710,81.33,81.48,2016-08-24,SLB,SCHLUMBERGER LTD,5651.0,485.0
80685710,81.34,81.39,2016-08-25,SLB,SCHLUMBERGER LTD,5651.0,485.0
80685710,80.9,81.28,2016-08-26,SLB,SCHLUMBERGER LTD,5651.0,485.0
80685710,81.14,80.61,2016-08-29,SLB,SCHLUMBERGER LTD,5651.0,485.0
80685710,80.64,81.67,2016-08-30,SLB,SCHLUMBERGER LTD,5651.0,485.0
80685710,79.0,80.15,2016-08-31,SLB,SCHLUMBERGER LTD,5651.0,485.0
80685710,78.96,78.44,2016-09-01,SLB,SCHLUMBERGER LTD,5651.0,485.0
80685710,78.55,79.25,2016-09-02,SLB,SCHLUMBERGER LTD,5651.0,485.0
80685710,78.78,78.66,2016-09-06,SLB,SCHLUMBERGER LTD,5651.0,485.0
80685710,78.61,78.83,2016-09-07,SLB,SCHLUMBERGER LTD,5651.0,485.0
80685710,79.38,78.99,2016-09-08,SLB,SCHLUMBERGER LTD,5651.0,485.0
80685710,77.56,78.76,2016-09-09,SLB,SCHLUMBERGER LTD,5651.0,485.0
80685710,78.8,77.81,2016-09-12,SLB,SCHLUMBERGER LTD,5651.0,485.0
80685710,77.08,77.98,2016-09-13,SLB,SCHLUMBERGER LTD,5651.0,485.0
80685710,76.37,76.9,2016-09-14,SLB,SCHLUMBERGER LTD,5651.0,485.0
80685710,76.8,76.16,2016-09-15,SLB,SCHLUMBERGER LTD,5651.0,485.0
80685710,76.33,76.1,2016-09-16,SLB,SCHLUMBERGER LTD,5651.0,485.0
80685710,75.96,76.84,2016-09-19,SLB,SCHLUMBERGER LTD,5651.0,485.0
80685710,75.37,76.08,2016-09-20,SLB,SCHLUMBERGER LTD,5651.0,485.0
80685710,76.56,76.0,2016-09-21,SLB,SCHLUMBERGER LTD,5651.0,485.0
80685710,77.01,77.2,2016-09-22,SLB,SCHLUMBERGER LTD,5651.0,485.0
80685710,75.92,76.69,2016-09-23,SLB,SCHLUMBERGER LTD,5651.0,485.0
80685710,75.58,76.13,2016-09-26,SLB,SCHLUMBERGER LTD,5651.0,485.0
80685710,75.33,75.13,2016-09-27,SLB,SCHLUMBERGER LTD,5651.0,485.0
80685710,78.01,75.59,2016-09-28,SLB,SCHLUMBERGER LTD,5651.0,485.0
80685710,77.37,78.11,2016-09-29,SLB,SCHLUMBERGER LTD,5651.0,485.0
80685710,78.64,77.84,2016-09-30,SLB,SCHLUMBERGER LTD,5651.0,485.0
80685710,78.9,78.82,2016-10-03,SLB,SCHLUMBERGER LTD,5651.0,485.0
80685710,78.54,78.98,2016-10-04,SLB,SCHLUMBERGER LTD,5651.0,485.0
80685710,80.15,79.41,2016-10-05,SLB,SCHLUMBERGER LTD,5651.0,485.0
80685710,81.42,80.43,2016-10-06,SLB,SCHLUMBERGER LTD,5651.0,485.0
80685710,81.31,81.79,2016-10-07,SLB,SCHLUMBERGER LTD,5651.0,485.0
80685710,82.33,81.73,2016-10-10,SLB,SCHLUMBERGER LTD,5651.0,485.0
80685710,81.69,82.08,2016-10-11,SLB,SCHLUMBERGER LTD,5651.0,485.0
80685710,81.44,81.76,2016-10-12,SLB,SCHLUMBERGER LTD,5651.0,485.0
80685710,81.53,81.02,2016-10-13,SLB,SCHLUMBERGER LTD,5651.0,485.0
80685710,81.32,81.97,2016-10-14,SLB,SCHLUMBERGER LTD,5651.0,485.0
80685710,80.98,81.32,2016-10-17,SLB,SCHLUMBERGER LTD,5651.0,485.0
80685710,81.39,81.58,2016-10-18,SLB,SCHLUMBERGER LTD,5651.0,485.0
80685710,83.44,82.0,2016-10-19,SLB,SCHLUMBERGER LTD,5651.0,485.0
80685710,82.99,82.75,2016-10-20,SLB,SCHLUMBERGER LTD,5651.0,485.0
80685710,80.47,81.85,2016-10-21,SLB,SCHLUMBERGER LTD,5651.0,485.0
80685710,80.31,80.56,2016-10-24,SLB,SCHLUMBERGER LTD,5651.0,485.0
80685710,80.22,80.35,2016-10-25,SLB,SCHLUMBERGER LTD,5651.0,485.0
80685710,80.02,79.49,2016-10-26,SLB,SCHLUMBERGER LTD,5651.0,485.0
80685710,79.6,80.4,2016-10-27,SLB,SCHLUMBERGER LTD,5651.0,485.0
80685710,79.2,79.76,2016-10-28,SLB,SCHLUMBERGER LTD,5651.0,485.0
80685710,78.23,78.88,2016-10-31,SLB,SCHLUMBERGER LTD,5651.0,485.0
80685710,78.7,78.66,2016-11-01,SLB,SCHLUMBERGER LTD,5651.0,485.0
80685710,77.76,78.08,2016-11-02,SLB,SCHLUMBERGER LTD,5651.0,485.0
80685710,78.46,77.93,2016-11-03,SLB,SCHLUMBERGER LTD,5651.0,485.0
80685710,77.84,78.52,2016-11-04,SLB,SCHLUMBERGER LTD,5651.0,485.0
80685710,79.75,78.9,2016-11-07,SLB,SCHLUMBERGER LTD,5651.0,485.0
80685710,79.84,79.33,2016-11-08,SLB,SCHLUMBERGER LTD,5651.0,485.0
80685710,79.94,79.26,2016-11-09,SLB,SCHLUMBERGER LTD,5651.0,485.0
80685710,79.88,79.48,2016-11-10,SLB,SCHLUMBERGER LTD,5651.0,485.0
80685710,78.66,79.2,2016-11-11,SLB,SCHLUMBERGER LTD,5651.0,485.0
80685710,78.71,78.4,2016-11-14,SLB,SCHLUMBERGER LTD,5651.0,485.0
80685710,81.16,79.44,2016-11-15,SLB,SCHLUMBERGER LTD,5651.0,485.0
80685710,81.04,81.02,2016-11-16,SLB,SCHLUMBERGER LTD,5651.0,485.0
80685710,80.1,81.51,2016-11-17,SLB,SCHLUMBERGER LTD,5651.0,485.0
80685710,80.0,80.1,2016-11-18,SLB,SCHLUMBERGER LTD,5651.0,485.0
80685710,81.71,81.11,2016-11-21,SLB,SCHLUMBERGER LTD,5651.0,485.0
80685710,81.5,81.98,2016-11-22,SLB,SCHLUMBERGER LTD,5651.0,485.0
80685710,81.4,81.07,2016-11-23,SLB,SCHLUMBERGER LTD,5651.0,485.0
80685710,81.29,81.03,2016-11-25,SLB,SCHLUMBERGER LTD,5651.0,485.0
80685710,81.06,81.41,2016-11-28,SLB,SCHLUMBERGER LTD,5651.0,485.0
80685710,79.92,79.61,2016-11-29,SLB,SCHLUMBERGER LTD,5651.0,485.0
80685710,84.05,82.47,2016-11-30,SLB,SCHLUMBERGER LTD,5651.0,485.0
80685710,84.61,84.99,2016-12-01,SLB,SCHLUMBERGER LTD,5651.0,485.0
80685710,85.01,84.6,2016-12-02,SLB,SCHLUMBERGER LTD,5651.0,485.0
80685710,84.43,84.92,2016-12-05,SLB,SCHLUMBERGER LTD,5651.0,485.0
80685710,83.96,83.76,2016-12-06,SLB,SCHLUMBERGER LTD,5651.0,485.0
80685710,84.35,84.05,2016-12-07,SLB,SCHLUMBERGER LTD,5651.0,485.0
80685710,84.47,84.44,2016-12-08,SLB,SCHLUMBERGER LTD,5651.0,485.0
80685710,84.78,84.87,2016-12-09,SLB,SCHLUMBERGER LTD,5651.0,485.0
80685710,85.01,86.09,2016-12-12,SLB,SCHLUMBERGER LTD,5651.0,485.0
80685710,86.13,85.73,2016-12-13,SLB,SCHLUMBERGER LTD,5651.0,485.0
80685710,85.16,85.53,2016-12-14,SLB,SCHLUMBERGER LTD,5651.0,485.0
80685710,85.28,84.5,2016-12-15,SLB,SCHLUMBERGER LTD,5651.0,485.0
80685710,85.5,85.5,2016-12-16,SLB,SCHLUMBERGER LTD,5651.0,485.0
80685710,85.12,85.4,2016-12-19,SLB,SCHLUMBERGER LTD,5651.0,485.0
80685710,85.28,85.61,2016-12-20,SLB,SCHLUMBERGER LTD,5651.0,485.0
80685710,86.16,85.57,2016-12-21,SLB,SCHLUMBERGER LTD,5651.0,485.0
80685710,86.38,85.79,2016-12-22,SLB,SCHLUMBERGER LTD,5651.0,485.0
80685710,85.51,86.03,2016-12-23,SLB,SCHLUMBERGER LTD,5651.0,485.0
80685710,85.44,85.8,2016-12-27,SLB,SCHLUMBERGER LTD,5651.0,485.0
80685710,84.63,85.28,2016-12-28,SLB,SCHLUMBERGER LTD,5651.0,485.0
80685710,84.2,84.26,2016-12-29,SLB,SCHLUMBERGER LTD,5651.0,485.0
80685710,83.95,84.3,2016-12-30,SLB,SCHLUMBERGER LTD,5651.0,485.0
80685710,84.8,84.86,2017-01-03,SLB,SCHLUMBERGER LTD,5651.0,485.0
80685710,85.43,85.0,2017-01-04,SLB,SCHLUMBERGER LTD,5651.0,485.0
80685710,85.3,85.58,2017-01-05,SLB,SCHLUMBERGER LTD,5651.0,485.0
80685710,86.48,85.48,2017-01-06,SLB,SCHLUMBERGER LTD,5651.0,485.0
80685710,85.77,85.99,2017-01-09,SLB,SCHLUMBERGER LTD,5651.0,485.0
80685710,84.6,85.69,2017-01-10,SLB,SCHLUMBERGER LTD,5651.0,485.0
80685710,85.66,84.99,2017-01-11,SLB,SCHLUMBERGER LTD,5651.0,485.0
80685710,85.33,85.69,2017-01-12,SLB,SCHLUMBERGER LTD,5651.0,485.0
80685710,84.82,84.95,2017-01-13,SLB,SCHLUMBERGER LTD,5651.0,485.0
80685710,86.43,84.81,2017-01-17,SLB,SCHLUMBERGER LTD,5651.0,485.0
80685710,87.48,85.79,2017-01-18,SLB,SCHLUMBERGER LTD,5651.0,485.0
80685710,87.2,87.05,2017-01-19,SLB,SCHLUMBERGER LTD,5651.0,485.0
80685710,86.49,87.12,2017-01-20,SLB,SCHLUMBERGER LTD,5651.0,485.0
80685710,84.27,85.85,2017-01-23,SLB,SCHLUMBERGER LTD,5651.0,485.0
80685710,84.58,84.39,2017-01-24,SLB,SCHLUMBERGER LTD,5651.0,485.0
80685710,85.51,85.08,2017-01-25,SLB,SCHLUMBERGER LTD,5651.0,485.0
80685710,84.88,85.93,2017-01-26,SLB,SCHLUMBERGER LTD,5651.0,485.0
80685710,84.5,84.86,2017-01-27,SLB,SCHLUMBERGER LTD,5651.0,485.0
80685710,83.61,84.17,2017-01-30,SLB,SCHLUMBERGER LTD,5651.0,485.0
80685710,83.71,83.9,2017-01-31,SLB,SCHLUMBERGER LTD,5651.0,485.0
80685710,83.17,84.06,2017-02-01,SLB,SCHLUMBERGER LTD,5651.0,485.0
80685710,82.44,83.6,2017-02-02,SLB,SCHLUMBERGER LTD,5651.0,485.0
80685710,82.5,82.64,2017-02-03,SLB,SCHLUMBERGER LTD,5651.0,485.0
80685710,81.69,82.55,2017-02-06,SLB,SCHLUMBERGER LTD,5651.0,485.0
80685710,81.07,81.21,2017-02-07,SLB,SCHLUMBERGER LTD,5651.0,485.0
80685710,81.12,80.61,2017-02-08,SLB,SCHLUMBERGER LTD,5651.0,485.0
80685710,81.21,81.69,2017-02-09,SLB,SCHLUMBERGER LTD,5651.0,485.0
80685710,82.16,81.98,2017-02-10,SLB,SCHLUMBERGER LTD,5651.0,485.0
80685710,81.82,81.75,2017-02-13,SLB,SCHLUMBERGER LTD,5651.0,485.0
80685710,82.46,82.04,2017-02-14,SLB,SCHLUMBERGER LTD,5651.0,485.0
80685710,81.75,82.0,2017-02-15,SLB,SCHLUMBERGER LTD,5651.0,485.0
80685710,81.13,82.13,2017-02-16,SLB,SCHLUMBERGER LTD,5651.0,485.0
80685710,80.65,80.95,2017-02-17,SLB,SCHLUMBERGER LTD,5651.0,485.0
80685710,80.68,81.43,2017-02-21,SLB,SCHLUMBERGER LTD,5651.0,485.0
80685710,79.7,80.38,2017-02-22,SLB,SCHLUMBERGER LTD,5651.0,485.0
80685710,80.47,80.47,2017-02-23,SLB,SCHLUMBERGER LTD,5651.0,485.0
80685710,80.15,79.66,2017-02-24,SLB,SCHLUMBERGER LTD,5651.0,485.0
80685710,81.06,80.23,2017-02-27,SLB,SCHLUMBERGER LTD,5651.0,485.0
80685710,80.36,80.86,2017-02-28,SLB,SCHLUMBERGER LTD,5651.0,485.0
80685710,82.27,80.91,2017-03-01,SLB,SCHLUMBERGER LTD,5651.0,485.0
80685710,80.95,81.64,2017-03-02,SLB,SCHLUMBERGER LTD,5651.0,485.0
80685710,80.7,81.22,2017-03-03,SLB,SCHLUMBERGER LTD,5651.0,485.0
80685710,80.72,80.34,2017-03-06,SLB,SCHLUMBERGER LTD,5651.0,485.0
80685710,79.95,80.69,2017-03-07,SLB,SCHLUMBERGER LTD,5651.0,485.0
80685710,78.1,79.54,2017-03-08,SLB,SCHLUMBERGER LTD,5651.0,485.0
80685710,78.7,77.52,2017-03-09,SLB,SCHLUMBERGER LTD,5651.0,485.0
80685710,78.69,79.36,2017-03-10,SLB,SCHLUMBERGER LTD,5651.0,485.0
80685710,78.59,78.83,2017-03-13,SLB,SCHLUMBERGER LTD,5651.0,485.0
80685710,78.38,78.02,2017-03-14,SLB,SCHLUMBERGER LTD,5651.0,485.0
80685710,80.25,79.0,2017-03-15,SLB,SCHLUMBERGER LTD,5651.0,485.0
80685710,79.65,80.28,2017-03-16,SLB,SCHLUMBERGER LTD,5651.0,485.0
80685710,79.55,79.97,2017-03-17,SLB,SCHLUMBERGER LTD,5651.0,485.0
80685710,78.92,79.07,2017-03-20,SLB,SCHLUMBERGER LTD,5651.0,485.0
80685710,78.69,79.53,2017-03-21,SLB,SCHLUMBERGER LTD,5651.0,485.0
80685710,78.38,78.35,2017-03-22,SLB,SCHLUMBERGER LTD,5651.0,485.0
80685710,77.67,78.11,2017-03-23,SLB,SCHLUMBERGER LTD,5651.0,485.0
80685710,76.96,77.76,2017-03-24,SLB,SCHLUMBERGER LTD,5651.0,485.0
80685710,77.02,76.21,2017-03-27,SLB,SCHLUMBERGER LTD,5651.0,485.0
80685710,78.31,77.4,2017-03-28,SLB,SCHLUMBERGER LTD,5651.0,485.0
80685710,78.67,78.21,2017-03-29,SLB,SCHLUMBERGER LTD,5651.0,485.0
80685710,77.84,78.73,2017-03-30,SLB,SCHLUMBERGER LTD,5651.0,485.0
80685710,78.1,77.55,2017-03-31,SLB,SCHLUMBERGER LTD,5651.0,485.0
80685710,77.7,78.3,2017-04-03,SLB,SCHLUMBERGER LTD,5651.0,485.0
80685710,78.21,77.71,2017-04-04,SLB,SCHLUMBERGER LTD,5651.0,485.0
80685710,78.3,78.66,2017-04-05,SLB,SCHLUMBERGER LTD,5651.0,485.0
80685710,78.62,78.7,2017-04-06,SLB,SCHLUMBERGER LTD,5651.0,485.0
80685710,78.33,78.73,2017-04-07,SLB,SCHLUMBERGER LTD,5651.0,485.0
80685710,78.71,78.67,2017-04-10,SLB,SCHLUMBERGER LTD,5651.0,485.0
80685710,79.65,78.71,2017-04-11,SLB,SCHLUMBERGER LTD,5651.0,485.0
80685710,79.57,79.73,2017-04-12,SLB,SCHLUMBERGER LTD,5651.0,485.0
80685710,78.15,79.33,2017-04-13,SLB,SCHLUMBERGER LTD,5651.0,485.0
80685710,78.24,77.82,2017-04-17,SLB,SCHLUMBERGER LTD,5651.0,485.0
80685710,77.93,77.77,2017-04-18,SLB,SCHLUMBERGER LTD,5651.0,485.0
80685710,76.48,78.29,2017-04-19,SLB,SCHLUMBERGER LTD,5651.0,485.0
80685710,76.51,76.49,2017-04-20,SLB,SCHLUMBERGER LTD,5651.0,485.0
80685710,74.84,73.97,2017-04-21,SLB,SCHLUMBERGER LTD,5651.0,485.0
80685710,74.1,75.0,2017-04-24,SLB,SCHLUMBERGER LTD,5651.0,485.0
80685710,74.09,74.22,2017-04-25,SLB,SCHLUMBERGER LTD,5651.0,485.0
80685710,74.11,73.75,2017-04-26,SLB,SCHLUMBERGER LTD,5651.0,485.0
80685710,72.84,73.85,2017-04-27,SLB,SCHLUMBERGER LTD,5651.0,485.0
80685710,72.59,73.4,2017-04-28,SLB,SCHLUMBERGER LTD,5651.0,485.0
80685710,72.3,72.7,2017-05-01,SLB,SCHLUMBERGER LTD,5651.0,485.0
80685710,71.45,72.34,2017-05-02,SLB,SCHLUMBERGER LTD,5651.0,485.0
80685710,71.53,71.41,2017-05-03,SLB,SCHLUMBERGER LTD,5651.0,485.0
80685710,70.94,71.16,2017-05-04,SLB,SCHLUMBERGER LTD,5651.0,485.0
80685710,71.97,71.04,2017-05-05,SLB,SCHLUMBERGER LTD,5651.0,485.0
80685710,72.22,72.29,2017-05-08,SLB,SCHLUMBERGER LTD,5651.0,485.0
80685710,72.28,72.34,2017-05-09,SLB,SCHLUMBERGER LTD,5651.0,485.0
80685710,72.67,72.84,2017-05-10,SLB,SCHLUMBERGER LTD,5651.0,485.0
80685710,71.78,73.04,2017-05-11,SLB,SCHLUMBERGER LTD,5651.0,485.0
80685710,71.02,71.74,2017-05-12,SLB,SCHLUMBERGER LTD,5651.0,485.0
80685710,72.0,72.48,2017-05-15,SLB,SCHLUMBERGER LTD,5651.0,485.0
80685710,71.37,72.3,2017-05-16,SLB,SCHLUMBERGER LTD,5651.0,485.0
80685710,70.99,70.97,2017-05-17,SLB,SCHLUMBERGER LTD,5651.0,485.0
80685710,71.43,70.66,2017-05-18,SLB,SCHLUMBERGER LTD,5651.0,485.0
80685710,71.75,71.77,2017-05-19,SLB,SCHLUMBERGER LTD,5651.0,485.0
80685710,71.89,72.26,2017-05-22,SLB,SCHLUMBERGER LTD,5651.0,485.0
80685710,72.09,72.17,2017-05-23,SLB,SCHLUMBERGER LTD,5651.0,485.0
80685710,71.36,72.13,2017-05-24,SLB,SCHLUMBERGER LTD,5651.0,485.0
80685710,69.39,71.27,2017-05-25,SLB,SCHLUMBERGER LTD,5651.0,485.0
80685710,70.09,69.5,2017-05-26,SLB,SCHLUMBERGER LTD,5651.0,485.0
80685710,68.74,69.22,2017-05-30,SLB,SCHLUMBERGER LTD,5651.0,485.0
80685710,69.59,68.31,2017-05-31,SLB,SCHLUMBERGER LTD,5651.0,485.0
80685710,69.78,69.67,2017-06-01,SLB,SCHLUMBERGER LTD,5651.0,485.0
80685710,68.96,68.88,2017-06-02,SLB,SCHLUMBERGER LTD,5651.0,485.0
80685710,69.27,68.79,2017-06-05,SLB,SCHLUMBERGER LTD,5651.0,485.0
80685710,69.97,69.14,2017-06-06,SLB,SCHLUMBERGER LTD,5651.0,485.0
80685710,68.67,69.55,2017-06-07,SLB,SCHLUMBERGER LTD,5651.0,485.0
80685710,68.31,68.37,2017-06-08,SLB,SCHLUMBERGER LTD,5651.0,485.0
80685710,69.68,68.35,2017-06-09,SLB,SCHLUMBERGER LTD,5651.0,485.0
80685710,69.31,70.25,2017-06-12,SLB,SCHLUMBERGER LTD,5651.0,485.0
80685710,69.35,69.31,2017-06-13,SLB,SCHLUMBERGER LTD,5651.0,485.0
80685710,68.18,69.06,2017-06-14,SLB,SCHLUMBERGER LTD,5651.0,485.0
80685710,67.33,67.96,2017-06-15,SLB,SCHLUMBERGER LTD,5651.0,485.0
80685710,68.58,67.6,2017-06-16,SLB,SCHLUMBERGER LTD,5651.0,485.0
80685710,68.1,68.53,2017-06-19,SLB,SCHLUMBERGER LTD,5651.0,485.0
80685710,66.75,67.05,2017-06-20,SLB,SCHLUMBERGER LTD,5651.0,485.0
80685710,65.47,66.48,2017-06-21,SLB,SCHLUMBERGER LTD,5651.0,485.0
80685710,65.37,65.5,2017-06-22,SLB,SCHLUMBERGER LTD,5651.0,485.0
80685710,65.93,65.33,2017-06-23,SLB,SCHLUMBERGER LTD,5651.0,485.0
80685710,65.89,66.11,2017-06-26,SLB,SCHLUMBERGER LTD,5651.0,485.0
80685710,65.36,65.65,2017-06-27,SLB,SCHLUMBERGER LTD,5651.0,485.0
80685710,65.25,65.44,2017-06-28,SLB,SCHLUMBERGER LTD,5651.0,485.0
80685710,65.38,65.6,2017-06-29,SLB,SCHLUMBERGER LTD,5651.0,485.0
80685710,65.84,65.85,2017-06-30,SLB,SCHLUMBERGER LTD,5651.0,485.0
80685710,66.97,66.12,2017-07-03,SLB,SCHLUMBERGER LTD,5651.0,485.0
80685710,65.74,67.26,2017-07-05,SLB,SCHLUMBERGER LTD,5651.0,485.0
80685710,65.13,66.16,2017-07-06,SLB,SCHLUMBERGER LTD,5651.0,485.0
80685710,65.08,64.99,2017-07-07,SLB,SCHLUMBERGER LTD,5651.0,485.0
80685710,65.35,64.82,2017-07-10,SLB,SCHLUMBERGER LTD,5651.0,485.0
80685710,65.79,65.35,2017-07-11,SLB,SCHLUMBERGER LTD,5651.0,485.0
80685710,65.58,66.52,2017-07-12,SLB,SCHLUMBERGER LTD,5651.0,485.0
80685710,66.49,65.47,2017-07-13,SLB,SCHLUMBERGER LTD,5651.0,485.0
80685710,66.85,66.5,2017-07-14,SLB,SCHLUMBERGER LTD,5651.0,485.0
80685710,66.83,66.75,2017-07-17,SLB,SCHLUMBERGER LTD,5651.0,485.0
80685710,66.18,67.31,2017-07-18,SLB,SCHLUMBERGER LTD,5651.0,485.0
80685710,67.44,66.13,2017-07-19,SLB,SCHLUMBERGER LTD,5651.0,485.0
80685710,67.02,67.77,2017-07-20,SLB,SCHLUMBERGER LTD,5651.0,485.0
80685710,66.53,67.8,2017-07-21,SLB,SCHLUMBERGER LTD,5651.0,485.0
80685710,66.42,66.68,2017-07-24,SLB,SCHLUMBERGER LTD,5651.0,485.0
80685710,67.01,67.0,2017-07-25,SLB,SCHLUMBERGER LTD,5651.0,485.0
80685710,66.99,67.48,2017-07-26,SLB,SCHLUMBERGER LTD,5651.0,485.0
80685710,67.78,66.96,2017-07-27,SLB,SCHLUMBERGER LTD,5651.0,485.0
80685710,68.46,67.54,2017-07-28,SLB,SCHLUMBERGER LTD,5651.0,485.0
80685710,68.6,68.44,2017-07-31,SLB,SCHLUMBERGER LTD,5651.0,485.0
80685710,69.01,68.5,2017-08-01,SLB,SCHLUMBERGER LTD,5651.0,485.0
80685710,69.13,68.88,2017-08-02,SLB,SCHLUMBERGER LTD,5651.0,485.0
80685710,68.22,68.96,2017-08-03,SLB,SCHLUMBERGER LTD,5651.0,485.0
80685710,67.54,68.15,2017-08-04,SLB,SCHLUMBERGER LTD,5651.0,485.0
80685710,66.55,67.25,2017-08-07,SLB,SCHLUMBERGER LTD,5651.0,485.0
80685710,65.49,66.25,2017-08-08,SLB,SCHLUMBERGER LTD,5651.0,485.0
80685710,65.49,65.73,2017-08-09,SLB,SCHLUMBERGER LTD,5651.0,485.0
80685710,64.4,65.55,2017-08-10,SLB,SCHLUMBERGER LTD,5651.0,485.0
80685710,63.83,64.1,2017-08-11,SLB,SCHLUMBERGER LTD,5651.0,485.0
80685710,63.95,64.0,2017-08-14,SLB,SCHLUMBERGER LTD,5651.0,485.0
80685710,63.44,63.94,2017-08-15,SLB,SCHLUMBERGER LTD,5651.0,485.0
80685710,63.71,63.64,2017-08-16,SLB,SCHLUMBERGER LTD,5651.0,485.0
80685710,63.03,63.46,2017-08-17,SLB,SCHLUMBERGER LTD,5651.0,485.0
80685710,63.32,63.07,2017-08-18,SLB,SCHLUMBERGER LTD,5651.0,485.0
80685710,63.0,63.11,2017-08-21,SLB,SCHLUMBERGER LTD,5651.0,485.0
80685710,63.35,63.16,2017-08-22,SLB,SCHLUMBERGER LTD,5651.0,485.0
80685710,63.19,63.1,2017-08-23,SLB,SCHLUMBERGER LTD,5651.0,485.0
80685710,62.88,63.1,2017-08-24,SLB,SCHLUMBERGER LTD,5651.0,485.0
80685710,63.88,63.11,2017-08-25,SLB,SCHLUMBERGER LTD,5651.0,485.0
80685710,63.45,63.84,2017-08-28,SLB,SCHLUMBERGER LTD,5651.0,485.0
80685710,63.5,63.26,2017-08-29,SLB,SCHLUMBERGER LTD,5651.0,485.0
80685710,63.39,63.4,2017-08-30,SLB,SCHLUMBERGER LTD,5651.0,485.0
80685710,63.51,63.6,2017-08-31,SLB,SCHLUMBERGER LTD,5651.0,485.0
80685710,63.35,63.2,2017-09-01,SLB,SCHLUMBERGER LTD,5651.0,485.0
80685710,65.1,63.48,2017-09-05,SLB,SCHLUMBERGER LTD,5651.0,485.0
80685710,65.72,65.29,2017-09-06,SLB,SCHLUMBERGER LTD,5651.0,485.0
80685710,65.87,65.72,2017-09-07,SLB,SCHLUMBERGER LTD,5651.0,485.0
80685710,64.86,65.72,2017-09-08,SLB,SCHLUMBERGER LTD,5651.0,485.0
80685710,65.77,65.19,2017-09-11,SLB,SCHLUMBERGER LTD,5651.0,485.0
80685710,66.43,65.76,2017-09-12,SLB,SCHLUMBERGER LTD,5651.0,485.0
80685710,66.92,66.52,2017-09-13,SLB,SCHLUMBERGER LTD,5651.0,485.0
80685710,67.7,67.42,2017-09-14,SLB,SCHLUMBERGER LTD,5651.0,485.0
80685710,67.24,67.69,2017-09-15,SLB,SCHLUMBERGER LTD,5651.0,485.0
80685710,67.87,67.08,2017-09-18,SLB,SCHLUMBERGER LTD,5651.0,485.0
80685710,67.89,68.0,2017-09-19,SLB,SCHLUMBERGER LTD,5651.0,485.0
80685710,67.62,68.14,2017-09-20,SLB,SCHLUMBERGER LTD,5651.0,485.0
80685710,68.09,67.53,2017-09-21,SLB,SCHLUMBERGER LTD,5651.0,485.0
80685710,68.8,67.73,2017-09-22,SLB,SCHLUMBERGER LTD,5651.0,485.0
80685710,69.65,69.1,2017-09-25,SLB,SCHLUMBERGER LTD,5651.0,485.0
80685710,68.82,69.27,2017-09-26,SLB,SCHLUMBERGER LTD,5651.0,485.0
80685710,69.08,68.94,2017-09-27,SLB,SCHLUMBERGER LTD,5651.0,485.0
80685710,69.16,69.33,2017-09-28,SLB,SCHLUMBERGER LTD,5651.0,485.0
80685710,69.76,69.03,2017-09-29,SLB,SCHLUMBERGER LTD,5651.0,485.0
80685710,69.32,68.73,2017-10-02,SLB,SCHLUMBERGER LTD,5651.0,485.0
80685710,69.06,69.26,2017-10-03,SLB,SCHLUMBERGER LTD,5651.0,485.0
80685710,68.82,69.12,2017-10-04,SLB,SCHLUMBERGER LTD,5651.0,485.0
80685710,68.87,69.15,2017-10-05,SLB,SCHLUMBERGER LTD,5651.0,485.0
80685710,68.34,68.72,2017-10-06,SLB,SCHLUMBERGER LTD,5651.0,485.0
80685710,68.33,68.36,2017-10-09,SLB,SCHLUMBERGER LTD,5651.0,485.0
80685710,68.33,68.76,2017-10-10,SLB,SCHLUMBERGER LTD,5651.0,485.0
80685710,67.74,67.32,2017-10-11,SLB,SCHLUMBERGER LTD,5651.0,485.0
80685710,67.29,67.22,2017-10-12,SLB,SCHLUMBERGER LTD,5651.0,485.0
80685710,67.17,67.63,2017-10-13,SLB,SCHLUMBERGER LTD,5651.0,485.0
80685710,66.8,67.56,2017-10-16,SLB,SCHLUMBERGER LTD,5651.0,485.0
80685710,66.5,66.88,2017-10-17,SLB,SCHLUMBERGER LTD,5651.0,485.0
80685710,65.91,66.46,2017-10-18,SLB,SCHLUMBERGER LTD,5651.0,485.0
80685710,64.5,65.36,2017-10-19,SLB,SCHLUMBERGER LTD,5651.0,485.0
80685710,63.15,63.57,2017-10-20,SLB,SCHLUMBERGER LTD,5651.0,485.0
80685710,61.91,63.15,2017-10-23,SLB,SCHLUMBERGER LTD,5651.0,485.0
80685710,62.44,62.53,2017-10-24,SLB,SCHLUMBERGER LTD,5651.0,485.0
80685710,63.44,62.5,2017-10-25,SLB,SCHLUMBERGER LTD,5651.0,485.0
80685710,63.37,63.45,2017-10-26,SLB,SCHLUMBERGER LTD,5651.0,485.0
80685710,63.55,63.11,2017-10-27,SLB,SCHLUMBERGER LTD,5651.0,485.0
80685710,64.11,63.75,2017-10-30,SLB,SCHLUMBERGER LTD,5651.0,485.0
80685710,64.0,63.99,2017-10-31,SLB,SCHLUMBERGER LTD,5651.0,485.0
80685710,64.28,64.62,2017-11-01,SLB,SCHLUMBERGER LTD,5651.0,485.0
80685710,63.25,64.34,2017-11-02,SLB,SCHLUMBERGER LTD,5651.0,485.0
80685710,63.58,63.14,2017-11-03,SLB,SCHLUMBERGER LTD,5651.0,485.0
80685710,67.08,64.1,2017-11-06,SLB,SCHLUMBERGER LTD,5651.0,485.0
80685710,66.43,67.57,2017-11-07,SLB,SCHLUMBERGER LTD,5651.0,485.0
80685710,67.06,66.65,2017-11-08,SLB,SCHLUMBERGER LTD,5651.0,485.0
80685710,66.89,66.85,2017-11-09,SLB,SCHLUMBERGER LTD,5651.0,485.0
80685710,65.74,66.59,2017-11-10,SLB,SCHLUMBERGER LTD,5651.0,485.0
80685710,65.04,65.25,2017-11-13,SLB,SCHLUMBERGER LTD,5651.0,485.0
80685710,62.78,64.64,2017-11-14,SLB,SCHLUMBERGER LTD,5651.0,485.0
80685710,61.55,62.15,2017-11-15,SLB,SCHLUMBERGER LTD,5651.0,485.0
80685710,61.31,61.6,2017-11-16,SLB,SCHLUMBERGER LTD,5651.0,485.0
80685710,61.96,61.36,2017-11-17,SLB,SCHLUMBERGER LTD,5651.0,485.0
80685710,61.72,61.71,2017-11-20,SLB,SCHLUMBERGER LTD,5651.0,485.0
80685710,61.88,61.97,2017-11-21,SLB,SCHLUMBERGER LTD,5651.0,485.0
80685710,62.14,62.44,2017-11-22,SLB,SCHLUMBERGER LTD,5651.0,485.0
80685710,61.93,62.4,2017-11-24,SLB,SCHLUMBERGER LTD,5651.0,485.0
80685710,61.36,61.73,2017-11-27,SLB,SCHLUMBERGER LTD,5651.0,485.0
80685710,62.29,61.24,2017-11-28,SLB,SCHLUMBERGER LTD,5651.0,485.0
80685710,62.15,62.4,2017-11-29,SLB,SCHLUMBERGER LTD,5651.0,485.0
80685710,62.85,62.57,2017-11-30,SLB,SCHLUMBERGER LTD,5651.0,485.0
80685710,64.73,63.23,2017-12-01,SLB,SCHLUMBERGER LTD,5651.0,485.0
80685710,64.6,64.79,2017-12-04,SLB,SCHLUMBERGER LTD,5651.0,485.0
80685710,63.45,64.45,2017-12-05,SLB,SCHLUMBERGER LTD,5651.0,485.0
80685710,62.07,63.28,2017-12-06,SLB,SCHLUMBERGER LTD,5651.0,485.0
80685710,62.07,62.06,2017-12-07,SLB,SCHLUMBERGER LTD,5651.0,485.0
80685710,63.54,62.38,2017-12-08,SLB,SCHLUMBERGER LTD,5651.0,485.0
80685710,64.56,63.38,2017-12-11,SLB,SCHLUMBERGER LTD,5651.0,485.0
80685710,64.18,64.88,2017-12-12,SLB,SCHLUMBERGER LTD,5651.0,485.0
80685710,63.3,64.12,2017-12-13,SLB,SCHLUMBERGER LTD,5651.0,485.0
80685710,62.37,62.95,2017-12-14,SLB,SCHLUMBERGER LTD,5651.0,485.0
80685710,62.09,62.72,2017-12-15,SLB,SCHLUMBERGER LTD,5651.0,485.0
80685710,63.6,62.29,2017-12-18,SLB,SCHLUMBERGER LTD,5651.0,485.0
80685710,64.39,63.79,2017-12-19,SLB,SCHLUMBERGER LTD,5651.0,485.0
80685710,65.28,64.44,2017-12-20,SLB,SCHLUMBERGER LTD,5651.0,485.0
80685710,67.86,65.48,2017-12-21,SLB,SCHLUMBERGER LTD,5651.0,485.0
80685710,67.44,67.66,2017-12-22,SLB,SCHLUMBERGER LTD,5651.0,485.0
80685710,67.61,67.5,2017-12-26,SLB,SCHLUMBERGER LTD,5651.0,485.0
80685710,67.92,67.76,2017-12-27,SLB,SCHLUMBERGER LTD,5651.0,485.0
80685710,67.46,67.95,2017-12-28,SLB,SCHLUMBERGER LTD,5651.0,485.0
80685710,67.39,67.46,2017-12-29,SLB,SCHLUMBERGER LTD,5651.0,485.0
80685710,69.52,68.07,2018-01-02,SLB,SCHLUMBERGER LTD,5651.0,485.0
80685710,71.33,69.97,2018-01-03,SLB,SCHLUMBERGER LTD,5651.0,485.0
80685710,73.1,71.76,2018-01-04,SLB,SCHLUMBERGER LTD,5651.0,485.0
80685710,73.6,72.95,2018-01-05,SLB,SCHLUMBERGER LTD,5651.0,485.0
80685710,74.8,73.35,2018-01-08,SLB,SCHLUMBERGER LTD,5651.0,485.0
80685710,74.9,74.78,2018-01-09,SLB,SCHLUMBERGER LTD,5651.0,485.0
80685710,75.6,75.12,2018-01-10,SLB,SCHLUMBERGER LTD,5651.0,485.0
80685710,77.05,75.67,2018-01-11,SLB,SCHLUMBERGER LTD,5651.0,485.0
80685710,77.97,77.37,2018-01-12,SLB,SCHLUMBERGER LTD,5651.0,485.0
80685710,77.17,77.75,2018-01-16,SLB,SCHLUMBERGER LTD,5651.0,485.0
80685710,77.21,77.0,2018-01-17,SLB,SCHLUMBERGER LTD,5651.0,485.0
80685710,76.37,76.57,2018-01-18,SLB,SCHLUMBERGER LTD,5651.0,485.0
80685710,76.42,75.0,2018-01-19,SLB,SCHLUMBERGER LTD,5651.0,485.0
80685710,79.79,77.04,2018-01-22,SLB,SCHLUMBERGER LTD,5651.0,485.0
80685710,79.21,79.82,2018-01-23,SLB,SCHLUMBERGER LTD,5651.0,485.0
80685710,78.18,78.96,2018-01-24,SLB,SCHLUMBERGER LTD,5651.0,485.0
80685710,77.33,78.98,2018-01-25,SLB,SCHLUMBERGER LTD,5651.0,485.0
80685710,77.61,77.69,2018-01-26,SLB,SCHLUMBERGER LTD,5651.0,485.0
80685710,76.38,77.09,2018-01-29,SLB,SCHLUMBERGER LTD,5651.0,485.0
80685710,74.54,75.4,2018-01-30,SLB,SCHLUMBERGER LTD,5651.0,485.0
80685710,73.58,74.89,2018-01-31,SLB,SCHLUMBERGER LTD,5651.0,485.0
80685710,75.51,73.79,2018-02-01,SLB,SCHLUMBERGER LTD,5651.0,485.0
80685710,73.69,74.88,2018-02-02,SLB,SCHLUMBERGER LTD,5651.0,485.0
80685710,71.35,72.85,2018-02-05,SLB,SCHLUMBERGER LTD,5651.0,485.0
80685710,71.04,69.51,2018-02-06,SLB,SCHLUMBERGER LTD,5651.0,485.0
80685710,69.75,71.15,2018-02-07,SLB,SCHLUMBERGER LTD,5651.0,485.0
80685710,67.4,69.8,2018-02-08,SLB,SCHLUMBERGER LTD,5651.0,485.0
80685710,65.19,68.18,2018-02-09,SLB,SCHLUMBERGER LTD,5651.0,485.0
80685710,66.84,66.37,2018-02-12,SLB,SCHLUMBERGER LTD,5651.0,485.0
80685710,65.92,66.63,2018-02-13,SLB,SCHLUMBERGER LTD,5651.0,485.0
80685710,65.87,65.34,2018-02-14,SLB,SCHLUMBERGER LTD,5651.0,485.0
80685710,66.21,66.25,2018-02-15,SLB,SCHLUMBERGER LTD,5651.0,485.0
80685710,66.28,66.15,2018-02-16,SLB,SCHLUMBERGER LTD,5651.0,485.0
80685710,65.61,66.71,2018-02-20,SLB,SCHLUMBERGER LTD,5651.0,485.0
80685710,64.4,65.35,2018-02-21,SLB,SCHLUMBERGER LTD,5651.0,485.0
80685710,64.96,64.84,2018-02-22,SLB,SCHLUMBERGER LTD,5651.0,485.0
80685710,66.5,65.3,2018-02-23,SLB,SCHLUMBERGER LTD,5651.0,485.0
80685710,66.73,67.15,2018-02-26,SLB,SCHLUMBERGER LTD,5651.0,485.0
80685710,66.91,67.3,2018-02-27,SLB,SCHLUMBERGER LTD,5651.0,485.0
80685710,65.64,67.39,2018-02-28,SLB,SCHLUMBERGER LTD,5651.0,485.0
80685710,65.22,65.49,2018-03-01,SLB,SCHLUMBERGER LTD,5651.0,485.0
80685710,65.47,64.65,2018-03-02,SLB,SCHLUMBERGER LTD,5651.0,485.0
80685710,66.16,64.93,2018-03-05,SLB,SCHLUMBERGER LTD,5651.0,485.0
80685710,66.63,66.84,2018-03-06,SLB,SCHLUMBERGER LTD,5651.0,485.0
80685710,66.23,65.87,2018-03-07,SLB,SCHLUMBERGER LTD,5651.0,485.0
80685710,66.74,66.34,2018-03-08,SLB,SCHLUMBERGER LTD,5651.0,485.0
80685710,68.78,67.29,2018-03-09,SLB,SCHLUMBERGER LTD,5651.0,485.0
80685710,68.09,68.73,2018-03-12,SLB,SCHLUMBERGER LTD,5651.0,485.0
80685710,67.14,68.34,2018-03-13,SLB,SCHLUMBERGER LTD,5651.0,485.0
80685710,66.43,67.28,2018-03-14,SLB,SCHLUMBERGER LTD,5651.0,485.0
80685710,65.35,66.6,2018-03-15,SLB,SCHLUMBERGER LTD,5651.0,485.0
80685710,66.1,65.37,2018-03-16,SLB,SCHLUMBERGER LTD,5651.0,485.0
80685710,64.7,66.09,2018-03-19,SLB,SCHLUMBERGER LTD,5651.0,485.0
80685710,65.56,65.13,2018-03-20,SLB,SCHLUMBERGER LTD,5651.0,485.0
80685710,67.74,65.92,2018-03-21,SLB,SCHLUMBERGER LTD,5651.0,485.0
80685710,65.52,66.75,2018-03-22,SLB,SCHLUMBERGER LTD,5651.0,485.0
80685710,64.14,65.54,2018-03-23,SLB,SCHLUMBERGER LTD,5651.0,485.0
80685710,64.46,64.85,2018-03-26,SLB,SCHLUMBERGER LTD,5651.0,485.0
80685710,64.48,64.91,2018-03-27,SLB,SCHLUMBERGER LTD,5651.0,485.0
80685710,63.21,64.35,2018-03-28,SLB,SCHLUMBERGER LTD,5651.0,485.0
80685710,64.78,63.67,2018-03-29,SLB,SCHLUMBERGER LTD,5651.0,485.0
80685710,63.48,64.37,2018-04-02,SLB,SCHLUMBERGER LTD,5651.0,485.0
80685710,64.79,63.93,2018-04-03,SLB,SCHLUMBERGER LTD,5651.0,485.0
80685710,64.81,63.5,2018-04-04,SLB,SCHLUMBERGER LTD,5651.0,485.0
80685710,65.77,65.12,2018-04-05,SLB,SCHLUMBERGER LTD,5651.0,485.0
80685710,64.36,65.54,2018-04-06,SLB,SCHLUMBERGER LTD,5651.0,485.0
80685710,64.26,64.78,2018-04-09,SLB,SCHLUMBERGER LTD,5651.0,485.0
80685710,66.71,65.45,2018-04-10,SLB,SCHLUMBERGER LTD,5651.0,485.0
80685710,67.55,66.62,2018-04-11,SLB,SCHLUMBERGER LTD,5651.0,485.0
80685710,67.56,67.68,2018-04-12,SLB,SCHLUMBERGER LTD,5651.0,485.0
80685710,67.95,67.59,2018-04-13,SLB,SCHLUMBERGER LTD,5651.0,485.0
80685710,68.52,68.28,2018-04-16,SLB,SCHLUMBERGER LTD,5651.0,485.0
80685710,68.66,68.52,2018-04-17,SLB,SCHLUMBERGER LTD,5651.0,485.0
80685710,70.34,69.62,2018-04-18,SLB,SCHLUMBERGER LTD,5651.0,485.0
80685710,70.28,70.37,2018-04-19,SLB,SCHLUMBERGER LTD,5651.0,485.0
80685710,69.23,70.81,2018-04-20,SLB,SCHLUMBERGER LTD,5651.0,485.0
80685710,68.91,68.7,2018-04-23,SLB,SCHLUMBERGER LTD,5651.0,485.0
80685710,68.28,69.06,2018-04-24,SLB,SCHLUMBERGER LTD,5651.0,485.0
80685710,69.1,67.98,2018-04-25,SLB,SCHLUMBERGER LTD,5651.0,485.0
80685710,69.47,69.48,2018-04-26,SLB,SCHLUMBERGER LTD,5651.0,485.0
80685710,69.08,69.06,2018-04-27,SLB,SCHLUMBERGER LTD,5651.0,485.0
80685710,68.56,69.0,2018-04-30,SLB,SCHLUMBERGER LTD,5651.0,485.0
80685710,68.4,68.11,2018-05-01,SLB,SCHLUMBERGER LTD,5651.0,485.0
80685710,68.66,67.98,2018-05-02,SLB,SCHLUMBERGER LTD,5651.0,485.0
80685710,67.72,68.49,2018-05-03,SLB,SCHLUMBERGER LTD,5651.0,485.0
80685710,68.79,67.49,2018-05-04,SLB,SCHLUMBERGER LTD,5651.0,485.0
80685710,69.21,69.24,2018-05-07,SLB,SCHLUMBERGER LTD,5651.0,485.0
80685710,69.54,69.45,2018-05-08,SLB,SCHLUMBERGER LTD,5651.0,485.0
80685710,70.88,70.51,2018-05-09,SLB,SCHLUMBERGER LTD,5651.0,485.0
80685710,71.12,71.42,2018-05-10,SLB,SCHLUMBERGER LTD,5651.0,485.0
80685710,71.08,71.33,2018-05-11,SLB,SCHLUMBERGER LTD,5651.0,485.0
80685710,71.6,71.18,2018-05-14,SLB,SCHLUMBERGER LTD,5651.0,485.0
80685710,71.6,71.5,2018-05-15,SLB,SCHLUMBERGER LTD,5651.0,485.0
80685710,73.11,71.6,2018-05-16,SLB,SCHLUMBERGER LTD,5651.0,485.0
80685710,74.43,73.5,2018-05-17,SLB,SCHLUMBERGER LTD,5651.0,485.0
80685710,74.29,74.19,2018-05-18,SLB,SCHLUMBERGER LTD,5651.0,485.0
80685710,75.03,74.77,2018-05-21,SLB,SCHLUMBERGER LTD,5651.0,485.0
80685710,73.73,75.0,2018-05-22,SLB,SCHLUMBERGER LTD,5651.0,485.0
80685710,73.45,73.0,2018-05-23,SLB,SCHLUMBERGER LTD,5651.0,485.0
80685710,71.22,72.6,2018-05-24,SLB,SCHLUMBERGER LTD,5651.0,485.0
80685710,68.6,69.8,2018-05-25,SLB,SCHLUMBERGER LTD,5651.0,485.0
80685710,68.07,67.63,2018-05-29,SLB,SCHLUMBERGER LTD,5651.0,485.0
80685710,69.48,68.72,2018-05-30,SLB,SCHLUMBERGER LTD,5651.0,485.0
80685710,68.67,69.08,2018-05-31,SLB,SCHLUMBERGER LTD,5651.0,485.0
80685710,68.96,68.64,2018-06-01,SLB,SCHLUMBERGER LTD,5651.0,485.0
80685710,69.07,69.16,2018-06-04,SLB,SCHLUMBERGER LTD,5651.0,485.0
80685710,68.46,68.49,2018-06-05,SLB,SCHLUMBERGER LTD,5651.0,485.0
80685710,68.89,68.83,2018-06-06,SLB,SCHLUMBERGER LTD,5651.0,485.0
80685710,69.6,69.37,2018-06-07,SLB,SCHLUMBERGER LTD,5651.0,485.0
80685710,69.43,69.9,2018-06-08,SLB,SCHLUMBERGER LTD,5651.0,485.0
80685710,69.87,69.48,2018-06-11,SLB,SCHLUMBERGER LTD,5651.0,485.0
80685710,68.6,70.0,2018-06-12,SLB,SCHLUMBERGER LTD,5651.0,485.0
80685710,67.97,67.76,2018-06-13,SLB,SCHLUMBERGER LTD,5651.0,485.0
80685710,68.33,68.16,2018-06-14,SLB,SCHLUMBERGER LTD,5651.0,485.0
80685710,66.83,67.92,2018-06-15,SLB,SCHLUMBERGER LTD,5651.0,485.0
80685710,67.04,66.26,2018-06-18,SLB,SCHLUMBERGER LTD,5651.0,485.0
80685710,65.7,66.01,2018-06-19,SLB,SCHLUMBERGER LTD,5651.0,485.0
80685710,65.55,65.94,2018-06-20,SLB,SCHLUMBERGER LTD,5651.0,485.0
80685710,64.79,65.42,2018-06-21,SLB,SCHLUMBERGER LTD,5651.0,485.0
80685710,66.58,67.13,2018-06-22,SLB,SCHLUMBERGER LTD,5651.0,485.0
80685710,65.43,66.29,2018-06-25,SLB,SCHLUMBERGER LTD,5651.0,485.0
80685710,66.02,65.4,2018-06-26,SLB,SCHLUMBERGER LTD,5651.0,485.0
80685710,66.81,66.74,2018-06-27,SLB,SCHLUMBERGER LTD,5651.0,485.0
80685710,67.01,67.11,2018-06-28,SLB,SCHLUMBERGER LTD,5651.0,485.0
80685710,67.03,67.02,2018-06-29,SLB,SCHLUMBERGER LTD,5651.0,485.0
80685710,65.21,66.45,2018-07-02,SLB,SCHLUMBERGER LTD,5651.0,485.0
80685710,65.84,66.24,2018-07-03,SLB,SCHLUMBERGER LTD,5651.0,485.0
80685710,66.43,66.38,2018-07-05,SLB,SCHLUMBERGER LTD,5651.0,485.0
80685710,67.03,65.96,2018-07-06,SLB,SCHLUMBERGER LTD,5651.0,485.0
80685710,68.34,67.5,2018-07-09,SLB,SCHLUMBERGER LTD,5651.0,485.0
80685710,69.49,68.9,2018-07-10,SLB,SCHLUMBERGER LTD,5651.0,485.0
80685710,68.34,68.63,2018-07-11,SLB,SCHLUMBERGER LTD,5651.0,485.0
80685710,67.47,68.65,2018-07-12,SLB,SCHLUMBERGER LTD,5651.0,485.0
80685710,68.08,67.75,2018-07-13,SLB,SCHLUMBERGER LTD,5651.0,485.0
80685710,67.42,67.09,2018-07-16,SLB,SCHLUMBERGER LTD,5651.0,485.0
80685710,66.74,67.09,2018-07-17,SLB,SCHLUMBERGER LTD,5651.0,485.0
80685710,67.06,66.4,2018-07-18,SLB,SCHLUMBERGER LTD,5651.0,485.0
80685710,66.92,66.6,2018-07-19,SLB,SCHLUMBERGER LTD,5651.0,485.0
80685710,66.09,68.34,2018-07-20,SLB,SCHLUMBERGER LTD,5651.0,485.0
80685710,65.74,65.97,2018-07-23,SLB,SCHLUMBERGER LTD,5651.0,485.0
80685710,65.52,66.01,2018-07-24,SLB,SCHLUMBERGER LTD,5651.0,485.0
80685710,65.78,65.6,2018-07-25,SLB,SCHLUMBERGER LTD,5651.0,485.0
80685710,66.86,66.22,2018-07-26,SLB,SCHLUMBERGER LTD,5651.0,485.0
80685710,67.04,66.33,2018-07-27,SLB,SCHLUMBERGER LTD,5651.0,485.0
80685710,67.58,67.51,2018-07-30,SLB,SCHLUMBERGER LTD,5651.0,485.0
80685710,67.52,67.63,2018-07-31,SLB,SCHLUMBERGER LTD,5651.0,485.0
80685710,66.66,67.0,2018-08-01,SLB,SCHLUMBERGER LTD,5651.0,485.0
80685710,65.94,66.04,2018-08-02,SLB,SCHLUMBERGER LTD,5651.0,485.0
80685710,65.89,65.84,2018-08-03,SLB,SCHLUMBERGER LTD,5651.0,485.0
80685710,65.74,65.97,2018-08-06,SLB,SCHLUMBERGER LTD,5651.0,485.0
80685710,66.68,66.42,2018-08-07,SLB,SCHLUMBERGER LTD,5651.0,485.0
80685710,66.41,66.23,2018-08-08,SLB,SCHLUMBERGER LTD,5651.0,485.0
80685710,65.4,66.57,2018-08-09,SLB,SCHLUMBERGER LTD,5651.0,485.0
80685710,66.04,65.36,2018-08-10,SLB,SCHLUMBERGER LTD,5651.0,485.0
80685710,64.97,65.95,2018-08-13,SLB,SCHLUMBERGER LTD,5651.0,485.0
80685710,64.8,65.28,2018-08-14,SLB,SCHLUMBERGER LTD,5651.0,485.0
80685710,62.29,64.32,2018-08-15,SLB,SCHLUMBERGER LTD,5651.0,485.0
80685710,62.49,62.61,2018-08-16,SLB,SCHLUMBERGER LTD,5651.0,485.0
80685710,62.83,62.47,2018-08-17,SLB,SCHLUMBERGER LTD,5651.0,485.0
80685710,63.5,63.06,2018-08-20,SLB,SCHLUMBERGER LTD,5651.0,485.0
80685710,64.76,64.26,2018-08-21,SLB,SCHLUMBERGER LTD,5651.0,485.0
80685710,65.09,65.29,2018-08-22,SLB,SCHLUMBERGER LTD,5651.0,485.0
80685710,64.65,64.77,2018-08-23,SLB,SCHLUMBERGER LTD,5651.0,485.0
80685710,65.25,64.98,2018-08-24,SLB,SCHLUMBERGER LTD,5651.0,485.0
80685710,64.85,65.36,2018-08-27,SLB,SCHLUMBERGER LTD,5651.0,485.0
80685710,64.07,64.94,2018-08-28,SLB,SCHLUMBERGER LTD,5651.0,485.0
80685710,64.49,64.23,2018-08-29,SLB,SCHLUMBERGER LTD,5651.0,485.0
80685710,64.34,64.6,2018-08-30,SLB,SCHLUMBERGER LTD,5651.0,485.0
80685710,63.16,64.07,2018-08-31,SLB,SCHLUMBERGER LTD,5651.0,485.0
80685710,61.92,63.06,2018-09-04,SLB,SCHLUMBERGER LTD,5651.0,485.0
80685710,61.02,61.47,2018-09-05,SLB,SCHLUMBERGER LTD,5651.0,485.0
80685710,60.21,60.8,2018-09-06,SLB,SCHLUMBERGER LTD,5651.0,485.0
80685710,59.7,59.79,2018-09-07,SLB,SCHLUMBERGER LTD,5651.0,485.0
80685710,59.98,60.0,2018-09-10,SLB,SCHLUMBERGER LTD,5651.0,485.0
80685710,60.32,60.08,2018-09-11,SLB,SCHLUMBERGER LTD,5651.0,485.0
80685710,60.82,60.7,2018-09-12,SLB,SCHLUMBERGER LTD,5651.0,485.0
80685710,61.02,60.71,2018-09-13,SLB,SCHLUMBERGER LTD,5651.0,485.0
80685710,61.23,61.0,2018-09-14,SLB,SCHLUMBERGER LTD,5651.0,485.0
80685710,60.97,61.59,2018-09-17,SLB,SCHLUMBERGER LTD,5651.0,485.0
80685710,60.99,61.62,2018-09-18,SLB,SCHLUMBERGER LTD,5651.0,485.0
80685710,61.23,60.83,2018-09-19,SLB,SCHLUMBERGER LTD,5651.0,485.0
80685710,61.57,61.95,2018-09-20,SLB,SCHLUMBERGER LTD,5651.0,485.0
80685710,61.13,61.75,2018-09-21,SLB,SCHLUMBERGER LTD,5651.0,485.0
80685710,61.6,61.82,2018-09-24,SLB,SCHLUMBERGER LTD,5651.0,485.0
80685710,62.53,62.2,2018-09-25,SLB,SCHLUMBERGER LTD,5651.0,485.0
80685710,60.88,61.91,2018-09-26,SLB,SCHLUMBERGER LTD,5651.0,485.0
80685710,61.17,61.14,2018-09-27,SLB,SCHLUMBERGER LTD,5651.0,485.0
80685710,60.92,61.026,2018-09-28,SLB,SCHLUMBERGER LTD,5651.0,485.0
80685710,61.59,61.2,2018-10-01,SLB,SCHLUMBERGER LTD,5651.0,485.0
80685710,61.89,61.3,2018-10-02,SLB,SCHLUMBERGER LTD,5651.0,485.0
80685710,62.62,62.15,2018-10-03,SLB,SCHLUMBERGER LTD,5651.0,485.0
80685710,62.85,62.69,2018-10-04,SLB,SCHLUMBERGER LTD,5651.0,485.0
80685710,63.0,62.75,2018-10-05,SLB,SCHLUMBERGER LTD,5651.0,485.0
80685710,62.94,62.22,2018-10-08,SLB,SCHLUMBERGER LTD,5651.0,485.0
80685710,63.11,63.19,2018-10-09,SLB,SCHLUMBERGER LTD,5651.0,485.0
80685710,60.82,62.78,2018-10-10,SLB,SCHLUMBERGER LTD,5651.0,485.0
80685710,59.12,60.32,2018-10-11,SLB,SCHLUMBERGER LTD,5651.0,485.0
80685710,59.33,59.78,2018-10-12,SLB,SCHLUMBERGER LTD,5651.0,485.0
80685710,59.55,59.4,2018-10-15,SLB,SCHLUMBERGER LTD,5651.0,485.0
80685710,59.68,59.89,2018-10-16,SLB,SCHLUMBERGER LTD,5651.0,485.0
80685710,59.24,59.25,2018-10-17,SLB,SCHLUMBERGER LTD,5651.0,485.0
80685710,58.43,58.82,2018-10-18,SLB,SCHLUMBERGER LTD,5651.0,485.0
80685710,58.47,58.0,2018-10-19,SLB,SCHLUMBERGER LTD,5651.0,485.0
80685710,56.81,58.45,2018-10-22,SLB,SCHLUMBERGER LTD,5651.0,485.0
80685710,55.09,55.62,2018-10-23,SLB,SCHLUMBERGER LTD,5651.0,485.0
80685710,53.01,55.51,2018-10-24,SLB,SCHLUMBERGER LTD,5651.0,485.0
80685710,53.3,53.78,2018-10-25,SLB,SCHLUMBERGER LTD,5651.0,485.0
80685710,52.9,52.56,2018-10-26,SLB,SCHLUMBERGER LTD,5651.0,485.0
80685710,51.45,53.2,2018-10-29,SLB,SCHLUMBERGER LTD,5651.0,485.0
80685710,52.32,51.36,2018-10-30,SLB,SCHLUMBERGER LTD,5651.0,485.0
80685710,51.31,52.85,2018-10-31,SLB,SCHLUMBERGER LTD,5651.0,485.0
80685710,51.66,51.6,2018-11-01,SLB,SCHLUMBERGER LTD,5651.0,485.0
80685710,51.4,52.22,2018-11-02,SLB,SCHLUMBERGER LTD,5651.0,485.0
80685710,51.96,51.95,2018-11-05,SLB,SCHLUMBERGER LTD,5651.0,485.0
80685710,52.08,52.0,2018-11-06,SLB,SCHLUMBERGER LTD,5651.0,485.0
80685710,52.32,52.6,2018-11-07,SLB,SCHLUMBERGER LTD,5651.0,485.0
80685710,51.58,52.21,2018-11-08,SLB,SCHLUMBERGER LTD,5651.0,485.0
80685710,50.4,50.7,2018-11-09,SLB,SCHLUMBERGER LTD,5651.0,485.0
80685710,49.45,50.94,2018-11-12,SLB,SCHLUMBERGER LTD,5651.0,485.0
80685710,47.34,49.35,2018-11-13,SLB,SCHLUMBERGER LTD,5651.0,485.0
80685710,47.81,48.21,2018-11-14,SLB,SCHLUMBERGER LTD,5651.0,485.0
80685710,48.08,47.61,2018-11-15,SLB,SCHLUMBERGER LTD,5651.0,485.0
80685710,48.22,48.28,2018-11-16,SLB,SCHLUMBERGER LTD,5651.0,485.0
80685710,48.31,47.97,2018-11-19,SLB,SCHLUMBERGER LTD,5651.0,485.0
80685710,46.9,47.51,2018-11-20,SLB,SCHLUMBERGER LTD,5651.0,485.0
80685710,47.64,47.6,2018-11-21,SLB,SCHLUMBERGER LTD,5651.0,485.0
80685710,46.37,46.2,2018-11-23,SLB,SCHLUMBERGER LTD,5651.0,485.0
80685710,46.63,47.01,2018-11-26,SLB,SCHLUMBERGER LTD,5651.0,485.0
80685710,46.2,46.55,2018-11-27,SLB,SCHLUMBERGER LTD,5651.0,485.0
80685710,46.41,46.3,2018-11-28,SLB,SCHLUMBERGER LTD,5651.0,485.0
80685710,45.9,46.53,2018-11-29,SLB,SCHLUMBERGER LTD,5651.0,485.0
80685710,45.1,45.48,2018-11-30,SLB,SCHLUMBERGER LTD,5651.0,485.0
80685710,46.3,46.28,2018-12-03,SLB,SCHLUMBERGER LTD,5651.0,485.0
80685710,44.12,45.79,2018-12-04,SLB,SCHLUMBERGER LTD,5651.0,485.0
80685710,42.32,42.8,2018-12-06,SLB,SCHLUMBERGER LTD,5651.0,485.0
80685710,43.04,43.16,2018-12-07,SLB,SCHLUMBERGER LTD,5651.0,485.0
80685710,41.97,41.79,2018-12-10,SLB,SCHLUMBERGER LTD,5651.0,485.0
80685710,41.24,42.33,2018-12-11,SLB,SCHLUMBERGER LTD,5651.0,485.0
80685710,41.44,41.61,2018-12-12,SLB,SCHLUMBERGER LTD,5651.0,485.0
80685710,41.02,41.26,2018-12-13,SLB,SCHLUMBERGER LTD,5651.0,485.0
80685710,39.1,40.56,2018-12-14,SLB,SCHLUMBERGER LTD,5651.0,485.0
80685710,39.05,39.0,2018-12-17,SLB,SCHLUMBERGER LTD,5651.0,485.0
80685710,37.84,38.98,2018-12-18,SLB,SCHLUMBERGER LTD,5651.0,485.0
80685710,37.79,37.88,2018-12-19,SLB,SCHLUMBERGER LTD,5651.0,485.0
80685710,36.2,37.34,2018-12-20,SLB,SCHLUMBERGER LTD,5651.0,485.0
80685710,35.7,35.47,2018-12-21,SLB,SCHLUMBERGER LTD,5651.0,485.0
80685710,35.19,35.45,2018-12-24,SLB,SCHLUMBERGER LTD,5651.0,485.0
80685710,36.61,35.41,2018-12-26,SLB,SCHLUMBERGER LTD,5651.0,485.0
80685710,36.33,36.1,2018-12-27,SLB,SCHLUMBERGER LTD,5651.0,485.0
80685710,36.6,36.52,2018-12-28,SLB,SCHLUMBERGER LTD,5651.0,485.0
80685710,36.08,36.66,2018-12-31,SLB,SCHLUMBERGER LTD,5651.0,485.0
80685710,37.2,35.49,2019-01-02,SLB,SCHLUMBERGER LTD,5651.0,485.0
80685710,37.6,37.31,2019-01-03,SLB,SCHLUMBERGER LTD,5651.0,485.0
80685710,39.09,38.3,2019-01-04,SLB,SCHLUMBERGER LTD,5651.0,485.0
80685710,40.17,39.21,2019-01-07,SLB,SCHLUMBERGER LTD,5651.0,485.0
80685710,40.67,40.77,2019-01-08,SLB,SCHLUMBERGER LTD,5651.0,485.0
80685710,41.24,41.26,2019-01-09,SLB,SCHLUMBERGER LTD,5651.0,485.0
80685710,41.65,40.93,2019-01-10,SLB,SCHLUMBERGER LTD,5651.0,485.0
80685710,41.74,41.11,2019-01-11,SLB,SCHLUMBERGER LTD,5651.0,485.0
80685710,41.32,41.1,2019-01-14,SLB,SCHLUMBERGER LTD,5651.0,485.0
80685710,41.72,41.84,2019-01-15,SLB,SCHLUMBERGER LTD,5651.0,485.0
80685710,41.25,41.5,2019-01-16,SLB,SCHLUMBERGER LTD,5651.0,485.0
80685710,41.37,40.89,2019-01-17,SLB,SCHLUMBERGER LTD,5651.0,485.0
80685710,44.73,43.85,2019-01-18,SLB,SCHLUMBERGER LTD,5651.0,485.0
80685710,43.96,43.89,2019-01-22,SLB,SCHLUMBERGER LTD,5651.0,485.0
80685710,43.31,44.06,2019-01-23,SLB,SCHLUMBERGER LTD,5651.0,485.0
80685710,43.56,43.49,2019-01-24,SLB,SCHLUMBERGER LTD,5651.0,485.0
80685710,45.0,44.0,2019-01-25,SLB,SCHLUMBERGER LTD,5651.0,485.0
80685710,44.24,44.27,2019-01-28,SLB,SCHLUMBERGER LTD,5651.0,485.0
80685710,44.0,44.68,2019-01-29,SLB,SCHLUMBERGER LTD,5651.0,485.0
80685710,45.0,44.17,2019-01-30,SLB,SCHLUMBERGER LTD,5651.0,485.0
80685710,44.21,45.0,2019-01-31,SLB,SCHLUMBERGER LTD,5651.0,485.0
80685710,44.56,44.4,2019-02-01,SLB,SCHLUMBERGER LTD,5651.0,485.0
80685710,44.6,44.22,2019-02-04,SLB,SCHLUMBERGER LTD,5651.0,485.0
80685710,45.14,44.6,2019-02-05,SLB,SCHLUMBERGER LTD,5651.0,485.0
80685710,45.07,44.97,2019-02-06,SLB,SCHLUMBERGER LTD,5651.0,485.0
80685710,43.46,44.69,2019-02-07,SLB,SCHLUMBERGER LTD,5651.0,485.0
80685710,42.78,43.32,2019-02-08,SLB,SCHLUMBERGER LTD,5651.0,485.0
80685710,43.69,42.48,2019-02-11,SLB,SCHLUMBERGER LTD,5651.0,485.0
80685710,44.06,43.86,2019-02-12,SLB,SCHLUMBERGER LTD,5651.0,485.0
80685710,44.42,44.17,2019-02-13,SLB,SCHLUMBERGER LTD,5651.0,485.0
80685710,44.14,44.28,2019-02-14,SLB,SCHLUMBERGER LTD,5651.0,485.0
80685710,44.95,44.63,2019-02-15,SLB,SCHLUMBERGER LTD,5651.0,485.0
80685710,45.54,44.52,2019-02-19,SLB,SCHLUMBERGER LTD,5651.0,485.0
80685710,45.9,45.35,2019-02-20,SLB,SCHLUMBERGER LTD,5651.0,485.0
80685710,44.72,45.86,2019-02-21,SLB,SCHLUMBERGER LTD,5651.0,485.0
80685710,44.36,45.08,2019-02-22,SLB,SCHLUMBERGER LTD,5651.0,485.0
80685710,44.79,44.33,2019-02-25,SLB,SCHLUMBERGER LTD,5651.0,485.0
80685710,44.31,44.8,2019-02-26,SLB,SCHLUMBERGER LTD,5651.0,485.0
80685710,44.35,44.4,2019-02-27,SLB,SCHLUMBERGER LTD,5651.0,485.0
80685710,44.06,44.46,2019-02-28,SLB,SCHLUMBERGER LTD,5651.0,485.0
80685710,45.19,44.22,2019-03-01,SLB,SCHLUMBERGER LTD,5651.0,485.0
80685710,45.24,45.43,2019-03-04,SLB,SCHLUMBERGER LTD,5651.0,485.0
80685710,44.79,45.2,2019-03-05,SLB,SCHLUMBERGER LTD,5651.0,485.0
80685710,43.37,44.51,2019-03-06,SLB,SCHLUMBERGER LTD,5651.0,485.0
80685710,42.49,43.42,2019-03-07,SLB,SCHLUMBERGER LTD,5651.0,485.0
80685710,41.29,41.73,2019-03-08,SLB,SCHLUMBERGER LTD,5651.0,485.0
80685710,42.08,41.79,2019-03-11,SLB,SCHLUMBERGER LTD,5651.0,485.0
80685710,42.59,42.15,2019-03-12,SLB,SCHLUMBERGER LTD,5651.0,485.0
80685710,43.15,43.01,2019-03-13,SLB,SCHLUMBERGER LTD,5651.0,485.0
80685710,43.09,43.15,2019-03-14,SLB,SCHLUMBERGER LTD,5651.0,485.0
80685710,42.39,42.7,2019-03-15,SLB,SCHLUMBERGER LTD,5651.0,485.0
80685710,43.36,42.7,2019-03-18,SLB,SCHLUMBERGER LTD,5651.0,485.0
80685710,43.25,43.78,2019-03-19,SLB,SCHLUMBERGER LTD,5651.0,485.0
80685710,44.29,43.23,2019-03-20,SLB,SCHLUMBERGER LTD,5651.0,485.0
80685710,44.22,44.11,2019-03-21,SLB,SCHLUMBERGER LTD,5651.0,485.0
80685710,42.47,43.75,2019-03-22,SLB,SCHLUMBERGER LTD,5651.0,485.0
80685710,42.47,41.76,2019-03-25,SLB,SCHLUMBERGER LTD,5651.0,485.0
80685710,43.05,42.92,2019-03-26,SLB,SCHLUMBERGER LTD,5651.0,485.0
80685710,42.68,43.03,2019-03-27,SLB,SCHLUMBERGER LTD,5651.0,485.0
80685710,43.62,42.49,2019-03-28,SLB,SCHLUMBERGER LTD,5651.0,485.0
80685710,43.57,44.23,2019-03-29,SLB,SCHLUMBERGER LTD,5651.0,485.0
80685710,44.76,43.98,2019-04-01,SLB,SCHLUMBERGER LTD,5651.0,485.0
80685710,44.49,44.9,2019-04-02,SLB,SCHLUMBERGER LTD,5651.0,485.0
80685710,43.59,44.79,2019-04-03,SLB,SCHLUMBERGER LTD,5651.0,485.0
80685710,44.1,43.41,2019-04-04,SLB,SCHLUMBERGER LTD,5651.0,485.0
80685710,45.0,44.41,2019-04-05,SLB,SCHLUMBERGER LTD,5651.0,485.0
80685710,46.17,45.15,2019-04-08,SLB,SCHLUMBERGER LTD,5651.0,485.0
80685710,45.58,45.86,2019-04-09,SLB,SCHLUMBERGER LTD,5651.0,485.0
80685710,45.55,45.8,2019-04-10,SLB,SCHLUMBERGER LTD,5651.0,485.0
80685710,45.31,45.55,2019-04-11,SLB,SCHLUMBERGER LTD,5651.0,485.0
80685710,45.65,46.0,2019-04-12,SLB,SCHLUMBERGER LTD,5651.0,485.0
80685710,46.4,45.56,2019-04-15,SLB,SCHLUMBERGER LTD,5651.0,485.0
80685710,47.34,46.64,2019-04-16,SLB,SCHLUMBERGER LTD,5651.0,485.0
80685710,47.41,47.81,2019-04-17,SLB,SCHLUMBERGER LTD,5651.0,485.0
80685710,45.56,48.13,2019-04-18,SLB,SCHLUMBERGER LTD,5651.0,485.0
80685710,45.85,45.64,2019-04-22,SLB,SCHLUMBERGER LTD,5651.0,485.0
80685710,45.89,45.67,2019-04-23,SLB,SCHLUMBERGER LTD,5651.0,485.0
80685710,44.24,45.72,2019-04-24,SLB,SCHLUMBERGER LTD,5651.0,485.0
80685710,43.3,44.15,2019-04-25,SLB,SCHLUMBERGER LTD,5651.0,485.0
80685710,43.3,42.95,2019-04-26,SLB,SCHLUMBERGER LTD,5651.0,485.0
80685710,43.43,43.34,2019-04-29,SLB,SCHLUMBERGER LTD,5651.0,485.0
80685710,42.68,43.86,2019-04-30,SLB,SCHLUMBERGER LTD,5651.0,485.0
80685710,41.37,42.63,2019-05-01,SLB,SCHLUMBERGER LTD,5651.0,485.0
80685710,41.12,40.98,2019-05-02,SLB,SCHLUMBERGER LTD,5651.0,485.0
80685710,41.28,41.56,2019-05-03,SLB,SCHLUMBERGER LTD,5651.0,485.0
80685710,41.24,40.84,2019-05-06,SLB,SCHLUMBERGER LTD,5651.0,485.0
80685710,40.6,40.76,2019-05-07,SLB,SCHLUMBERGER LTD,5651.0,485.0
80685710,40.27,40.52,2019-05-08,SLB,SCHLUMBERGER LTD,5651.0,485.0
80685710,40.27,39.92,2019-05-09,SLB,SCHLUMBERGER LTD,5651.0,485.0
80685710,39.56,39.9,2019-05-10,SLB,SCHLUMBERGER LTD,5651.0,485.0
80685710,38.16,38.88,2019-05-13,SLB,SCHLUMBERGER LTD,5651.0,485.0
80685710,39.0,38.49,2019-05-14,SLB,SCHLUMBERGER LTD,5651.0,485.0
80685710,39.33,38.41,2019-05-15,SLB,SCHLUMBERGER LTD,5651.0,485.0
80685710,39.86,39.59,2019-05-16,SLB,SCHLUMBERGER LTD,5651.0,485.0
80685710,39.02,39.5,2019-05-17,SLB,SCHLUMBERGER LTD,5651.0,485.0
80685710,39.12,38.83,2019-05-20,SLB,SCHLUMBERGER LTD,5651.0,485.0
80685710,39.5,39.29,2019-05-21,SLB,SCHLUMBERGER LTD,5651.0,485.0
80685710,38.34,39.16,2019-05-22,SLB,SCHLUMBERGER LTD,5651.0,485.0
80685710,37.49,37.53,2019-05-23,SLB,SCHLUMBERGER LTD,5651.0,485.0
80685710,37.0,37.65,2019-05-24,SLB,SCHLUMBERGER LTD,5651.0,485.0
80685710,36.5,37.1,2019-05-28,SLB,SCHLUMBERGER LTD,5651.0,485.0
80685710,36.18,36.0,2019-05-29,SLB,SCHLUMBERGER LTD,5651.0,485.0
80685710,35.18,36.04,2019-05-30,SLB,SCHLUMBERGER LTD,5651.0,485.0
80685710,34.69,34.72,2019-05-31,SLB,SCHLUMBERGER LTD,5651.0,485.0
80685710,35.49,34.99,2019-06-03,SLB,SCHLUMBERGER LTD,5651.0,485.0
80685710,35.73,35.51,2019-06-04,SLB,SCHLUMBERGER LTD,5651.0,485.0
80685710,34.94,35.81,2019-06-05,SLB,SCHLUMBERGER LTD,5651.0,485.0
80685710,35.05,34.93,2019-06-06,SLB,SCHLUMBERGER LTD,5651.0,485.0
80685710,35.6,35.41,2019-06-07,SLB,SCHLUMBERGER LTD,5651.0,485.0
80685710,35.47,35.81,2019-06-10,SLB,SCHLUMBERGER LTD,5651.0,485.0
80685710,36.69,36.09,2019-06-11,SLB,SCHLUMBERGER LTD,5651.0,485.0
80685710,35.58,36.8,2019-06-12,SLB,SCHLUMBERGER LTD,5651.0,485.0
80685710,36.79,36.18,2019-06-13,SLB,SCHLUMBERGER LTD,5651.0,485.0
80685710,35.93,36.67,2019-06-14,SLB,SCHLUMBERGER LTD,5651.0,485.0
80685710,36.66,35.77,2019-06-17,SLB,SCHLUMBERGER LTD,5651.0,485.0
80685710,36.93,36.69,2019-06-18,SLB,SCHLUMBERGER LTD,5651.0,485.0
80685710,36.51,37.1,2019-06-19,SLB,SCHLUMBERGER LTD,5651.0,485.0
80685710,38.25,37.39,2019-06-20,SLB,SCHLUMBERGER LTD,5651.0,485.0
80685710,38.88,38.36,2019-06-21,SLB,SCHLUMBERGER LTD,5651.0,485.0
80685710,38.65,38.7,2019-06-24,SLB,SCHLUMBERGER LTD,5651.0,485.0
80685710,38.58,38.58,2019-06-25,SLB,SCHLUMBERGER LTD,5651.0,485.0
80685710,39.02,39.03,2019-06-26,SLB,SCHLUMBERGER LTD,5651.0,485.0
80685710,39.11,39.18,2019-06-27,SLB,SCHLUMBERGER LTD,5651.0,485.0
80685710,39.74,39.23,2019-06-28,SLB,SCHLUMBERGER LTD,5651.0,485.0
80685710,39.32,40.42,2019-07-01,SLB,SCHLUMBERGER LTD,5651.0,485.0
80685710,39.18,39.44,2019-07-02,SLB,SCHLUMBERGER LTD,5651.0,485.0
80685710,39.49,39.14,2019-07-03,SLB,SCHLUMBERGER LTD,5651.0,485.0
80685710,39.57,39.2,2019-07-05,SLB,SCHLUMBERGER LTD,5651.0,485.0
80685710,39.89,39.43,2019-07-08,SLB,SCHLUMBERGER LTD,5651.0,485.0
80685710,40.2,39.78,2019-07-09,SLB,SCHLUMBERGER LTD,5651.0,485.0
80685710,40.62,40.61,2019-07-10,SLB,SCHLUMBERGER LTD,5651.0,485.0
80685710,40.97,40.6,2019-07-11,SLB,SCHLUMBERGER LTD,5651.0,485.0
80685710,40.81,41.11,2019-07-12,SLB,SCHLUMBERGER LTD,5651.0,485.0
80685710,40.47,40.85,2019-07-15,SLB,SCHLUMBERGER LTD,5651.0,485.0
80685710,40.07,40.35,2019-07-16,SLB,SCHLUMBERGER LTD,5651.0,485.0
80685710,38.63,39.82,2019-07-17,SLB,SCHLUMBERGER LTD,5651.0,485.0
80685710,38.78,38.19,2019-07-18,SLB,SCHLUMBERGER LTD,5651.0,485.0
80685710,38.71,39.34,2019-07-19,SLB,SCHLUMBERGER LTD,5651.0,485.0
80685710,39.49,39.12,2019-07-22,SLB,SCHLUMBERGER LTD,5651.0,485.0
80685710,39.75,39.55,2019-07-23,SLB,SCHLUMBERGER LTD,5651.0,485.0
80685710,40.33,39.64,2019-07-24,SLB,SCHLUMBERGER LTD,5651.0,485.0
80685710,39.95,40.59,2019-07-25,SLB,SCHLUMBERGER LTD,5651.0,485.0
80685710,40.01,39.9,2019-07-26,SLB,SCHLUMBERGER LTD,5651.0,485.0
80685710,39.21,39.99,2019-07-29,SLB,SCHLUMBERGER LTD,5651.0,485.0
80685710,39.55,38.99,2019-07-30,SLB,SCHLUMBERGER LTD,5651.0,485.0
80685710,39.97,39.67,2019-07-31,SLB,SCHLUMBERGER LTD,5651.0,485.0
80685710,38.51,39.38,2019-08-01,SLB,SCHLUMBERGER LTD,5651.0,485.0
80685710,37.42,38.51,2019-08-02,SLB,SCHLUMBERGER LTD,5651.0,485.0
80685710,35.99,36.69,2019-08-05,SLB,SCHLUMBERGER LTD,5651.0,485.0
80685710,35.46,36.13,2019-08-06,SLB,SCHLUMBERGER LTD,5651.0,485.0
80685710,34.74,34.62,2019-08-07,SLB,SCHLUMBERGER LTD,5651.0,485.0
80685710,35.21,34.94,2019-08-08,SLB,SCHLUMBERGER LTD,5651.0,485.0
80685710,34.53,35.21,2019-08-09,SLB,SCHLUMBERGER LTD,5651.0,485.0
80685710,34.27,34.37,2019-08-12,SLB,SCHLUMBERGER LTD,5651.0,485.0
80685710,34.63,34.1,2019-08-13,SLB,SCHLUMBERGER LTD,5651.0,485.0
80685710,32.34,33.77,2019-08-14,SLB,SCHLUMBERGER LTD,5651.0,485.0
80685710,31.65,32.1,2019-08-15,SLB,SCHLUMBERGER LTD,5651.0,485.0
80685710,32.72,31.64,2019-08-16,SLB,SCHLUMBERGER LTD,5651.0,485.0
80685710,34.1,33.53,2019-08-19,SLB,SCHLUMBERGER LTD,5651.0,485.0
80685710,33.9,33.81,2019-08-20,SLB,SCHLUMBERGER LTD,5651.0,485.0
80685710,33.69,34.24,2019-08-21,SLB,SCHLUMBERGER LTD,5651.0,485.0
80685710,33.71,33.96,2019-08-22,SLB,SCHLUMBERGER LTD,5651.0,485.0
80685710,32.03,33.15,2019-08-23,SLB,SCHLUMBERGER LTD,5651.0,485.0
80685710,31.59,32.51,2019-08-26,SLB,SCHLUMBERGER LTD,5651.0,485.0
80685710,31.25,31.93,2019-08-27,SLB,SCHLUMBERGER LTD,5651.0,485.0
80685710,31.62,31.38,2019-08-28,SLB,SCHLUMBERGER LTD,5651.0,485.0
80685710,32.26,31.97,2019-08-29,SLB,SCHLUMBERGER LTD,5651.0,485.0
80685710,32.43,32.5,2019-08-30,SLB,SCHLUMBERGER LTD,5651.0,485.0
80685710,31.72,31.18,2019-09-03,SLB,SCHLUMBERGER LTD,5651.0,485.0
80685710,32.98,32.28,2019-09-04,SLB,SCHLUMBERGER LTD,5651.0,485.0
80685710,34.06,33.37,2019-09-05,SLB,SCHLUMBERGER LTD,5651.0,485.0
80685710,34.2,33.8,2019-09-06,SLB,SCHLUMBERGER LTD,5651.0,485.0
80685710,36.23,34.5,2019-09-09,SLB,SCHLUMBERGER LTD,5651.0,485.0
80685710,37.46,37.05,2019-09-10,SLB,SCHLUMBERGER LTD,5651.0,485.0
80685710,37.32,37.64,2019-09-11,SLB,SCHLUMBERGER LTD,5651.0,485.0
80685710,36.9,36.53,2019-09-12,SLB,SCHLUMBERGER LTD,5651.0,485.0
80685710,37.33,37.43,2019-09-13,SLB,SCHLUMBERGER LTD,5651.0,485.0
80685710,39.31,40.03,2019-09-16,SLB,SCHLUMBERGER LTD,5651.0,485.0
80685710,38.17,38.92,2019-09-17,SLB,SCHLUMBERGER LTD,5651.0,485.0
80685710,38.03,37.63,2019-09-18,SLB,SCHLUMBERGER LTD,5651.0,485.0
80685710,37.76,38.5,2019-09-19,SLB,SCHLUMBERGER LTD,5651.0,485.0
80685710,37.3,37.88,2019-09-20,SLB,SCHLUMBERGER LTD,5651.0,485.0
80685710,37.33,36.81,2019-09-23,SLB,SCHLUMBERGER LTD,5651.0,485.0
80685710,35.56,37.13,2019-09-24,SLB,SCHLUMBERGER LTD,5651.0,485.0
80685710,35.24,35.3,2019-09-25,SLB,SCHLUMBERGER LTD,5651.0,485.0
80685710,34.54,35.0,2019-09-26,SLB,SCHLUMBERGER LTD,5651.0,485.0
80685710,34.33,34.26,2019-09-27,SLB,SCHLUMBERGER LTD,5651.0,485.0
80685710,34.17,34.15,2019-09-30,SLB,SCHLUMBERGER LTD,5651.0,485.0
80685710,32.7,34.36,2019-10-01,SLB,SCHLUMBERGER LTD,5651.0,485.0
80685710,31.76,32.64,2019-10-02,SLB,SCHLUMBERGER LTD,5651.0,485.0
80685710,32.05,31.59,2019-10-03,SLB,SCHLUMBERGER LTD,5651.0,485.0
80685710,31.88,32.08,2019-10-04,SLB,SCHLUMBERGER LTD,5651.0,485.0
80685710,31.8,32.11,2019-10-07,SLB,SCHLUMBERGER LTD,5651.0,485.0
80685710,30.71,31.49,2019-10-08,SLB,SCHLUMBERGER LTD,5651.0,485.0
80685710,30.9,30.94,2019-10-09,SLB,SCHLUMBERGER LTD,5651.0,485.0
80685710,31.07,31.01,2019-10-10,SLB,SCHLUMBERGER LTD,5651.0,485.0
80685710,32.48,31.5,2019-10-11,SLB,SCHLUMBERGER LTD,5651.0,485.0
80685710,32.57,31.99,2019-10-14,SLB,SCHLUMBERGER LTD,5651.0,485.0
80685710,32.81,32.47,2019-10-15,SLB,SCHLUMBERGER LTD,5651.0,485.0
80685710,31.95,32.8,2019-10-16,SLB,SCHLUMBERGER LTD,5651.0,485.0
80685710,31.89,32.22,2019-10-17,SLB,SCHLUMBERGER LTD,5651.0,485.0
80685710,32.31,32.19,2019-10-18,SLB,SCHLUMBERGER LTD,5651.0,485.0
80685710,33.59,32.22,2019-10-21,SLB,SCHLUMBERGER LTD,5651.0,485.0
80685710,34.82,33.76,2019-10-22,SLB,SCHLUMBERGER LTD,5651.0,485.0
80685710,35.33,34.57,2019-10-23,SLB,SCHLUMBERGER LTD,5651.0,485.0
80685710,35.11,35.4,2019-10-24,SLB,SCHLUMBERGER LTD,5651.0,485.0
80685710,35.09,35.0,2019-10-25,SLB,SCHLUMBERGER LTD,5651.0,485.0
80685710,35.02,35.39,2019-10-28,SLB,SCHLUMBERGER LTD,5651.0,485.0
80685710,34.79,34.75,2019-10-29,SLB,SCHLUMBERGER LTD,5651.0,485.0
80685710,33.1,34.66,2019-10-30,SLB,SCHLUMBERGER LTD,5651.0,485.0
80685710,32.69,33.12,2019-10-31,SLB,SCHLUMBERGER LTD,5651.0,485.0
80685710,34.44,33.05,2019-11-01,SLB,SCHLUMBERGER LTD,5651.0,485.0
80685710,36.24,34.9,2019-11-04,SLB,SCHLUMBERGER LTD,5651.0,485.0
80685710,36.72,36.43,2019-11-05,SLB,SCHLUMBERGER LTD,5651.0,485.0
80685710,35.56,36.6,2019-11-06,SLB,SCHLUMBERGER LTD,5651.0,485.0
80685710,36.08,36.14,2019-11-07,SLB,SCHLUMBERGER LTD,5651.0,485.0
80685710,36.34,35.76,2019-11-08,SLB,SCHLUMBERGER LTD,5651.0,485.0
80685710,36.41,35.75,2019-11-11,SLB,SCHLUMBERGER LTD,5651.0,485.0
80685710,36.21,36.5,2019-11-12,SLB,SCHLUMBERGER LTD,5651.0,485.0
80685710,35.03,36.0,2019-11-13,SLB,SCHLUMBERGER LTD,5651.0,485.0
80685710,34.71,34.96,2019-11-14,SLB,SCHLUMBERGER LTD,5651.0,485.0
80685710,35.36,34.94,2019-11-15,SLB,SCHLUMBERGER LTD,5651.0,485.0
80685710,34.69,34.98,2019-11-18,SLB,SCHLUMBERGER LTD,5651.0,485.0
80685710,34.31,34.52,2019-11-19,SLB,SCHLUMBERGER LTD,5651.0,485.0
80685710,36.14,34.36,2019-11-20,SLB,SCHLUMBERGER LTD,5651.0,485.0
80685710,36.62,36.42,2019-11-21,SLB,SCHLUMBERGER LTD,5651.0,485.0
80685710,36.61,36.7,2019-11-22,SLB,SCHLUMBERGER LTD,5651.0,485.0
80685710,37.08,36.3,2019-11-25,SLB,SCHLUMBERGER LTD,5651.0,485.0
80685710,36.39,36.98,2019-11-26,SLB,SCHLUMBERGER LTD,5651.0,485.0
80685710,36.77,36.41,2019-11-27,SLB,SCHLUMBERGER LTD,5651.0,485.0
80685710,36.2,36.28,2019-11-29,SLB,SCHLUMBERGER LTD,5651.0,485.0
80685710,36.36,36.45,2019-12-02,SLB,SCHLUMBERGER LTD,5651.0,485.0
80685710,34.99,35.16,2019-12-03,SLB,SCHLUMBERGER LTD,5651.0,485.0
80685710,36.19,35.48,2019-12-04,SLB,SCHLUMBERGER LTD,5651.0,485.0
80685710,35.85,36.4,2019-12-05,SLB,SCHLUMBERGER LTD,5651.0,485.0
80685710,36.89,36.06,2019-12-06,SLB,SCHLUMBERGER LTD,5651.0,485.0
80685710,37.16,36.54,2019-12-09,SLB,SCHLUMBERGER LTD,5651.0,485.0
80685710,37.34,37.23,2019-12-10,SLB,SCHLUMBERGER LTD,5651.0,485.0
80685710,38.4,37.5,2019-12-11,SLB,SCHLUMBERGER LTD,5651.0,485.0
80685710,39.07,38.42,2019-12-12,SLB,SCHLUMBERGER LTD,5651.0,485.0
80685710,39.0,39.35,2019-12-13,SLB,SCHLUMBERGER LTD,5651.0,485.0
80685710,39.4,39.11,2019-12-16,SLB,SCHLUMBERGER LTD,5651.0,485.0
80685710,39.46,39.5,2019-12-17,SLB,SCHLUMBERGER LTD,5651.0,485.0
80685710,39.62,39.2,2019-12-18,SLB,SCHLUMBERGER LTD,5651.0,485.0
80685710,39.61,39.59,2019-12-19,SLB,SCHLUMBERGER LTD,5651.0,485.0
80685710,39.43,39.93,2019-12-20,SLB,SCHLUMBERGER LTD,5651.0,485.0
80685710,40.79,39.44,2019-12-23,SLB,SCHLUMBERGER LTD,5651.0,485.0
80685710,40.65,40.74,2019-12-24,SLB,SCHLUMBERGER LTD,5651.0,485.0
80685710,40.07,40.86,2019-12-26,SLB,SCHLUMBERGER LTD,5651.0,485.0
80685710,40.0,40.13,2019-12-27,SLB,SCHLUMBERGER LTD,5651.0,485.0
80685710,40.4,40.01,2019-12-30,SLB,SCHLUMBERGER LTD,5651.0,485.0
80685710,40.2,40.01,2019-12-31,SLB,SCHLUMBERGER LTD,5651.0,485.0
80685710,40.17,40.52,2020-01-02,SLB,SCHLUMBERGER LTD,5651.0,485.0
80685710,40.56,41.0,2020-01-03,SLB,SCHLUMBERGER LTD,5651.0,485.0
80685710,40.82,40.61,2020-01-06,SLB,SCHLUMBERGER LTD,5651.0,485.0
80685710,40.61,40.53,2020-01-07,SLB,SCHLUMBERGER LTD,5651.0,485.0
80685710,39.41,40.28,2020-01-08,SLB,SCHLUMBERGER LTD,5651.0,485.0
80685710,39.86,39.52,2020-01-09,SLB,SCHLUMBERGER LTD,5651.0,485.0
80685710,39.83,39.73,2020-01-10,SLB,SCHLUMBERGER LTD,5651.0,485.0
80685710,39.23,39.83,2020-01-13,SLB,SCHLUMBERGER LTD,5651.0,485.0
80685710,39.53,38.98,2020-01-14,SLB,SCHLUMBERGER LTD,5651.0,485.0
80685710,38.33,39.2,2020-01-15,SLB,SCHLUMBERGER LTD,5651.0,485.0
80685710,38.78,38.57,2020-01-16,SLB,SCHLUMBERGER LTD,5651.0,485.0
80685710,38.37,39.01,2020-01-17,SLB,SCHLUMBERGER LTD,5651.0,485.0
80685710,36.95,37.63,2020-01-21,SLB,SCHLUMBERGER LTD,5651.0,485.0
80685710,36.68,36.8,2020-01-22,SLB,SCHLUMBERGER LTD,5651.0,485.0
80685710,36.43,36.07,2020-01-23,SLB,SCHLUMBERGER LTD,5651.0,485.0
80685710,35.77,36.22,2020-01-24,SLB,SCHLUMBERGER LTD,5651.0,485.0
80685710,33.96,34.55,2020-01-27,SLB,SCHLUMBERGER LTD,5651.0,485.0
80685710,33.96,34.22,2020-01-28,SLB,SCHLUMBERGER LTD,5651.0,485.0
80685710,33.73,34.3,2020-01-29,SLB,SCHLUMBERGER LTD,5651.0,485.0
80685710,34.04,33.14,2020-01-30,SLB,SCHLUMBERGER LTD,5651.0,485.0
80685710,33.51,33.49,2020-01-31,SLB,SCHLUMBERGER LTD,5651.0,485.0
80685710,33.46,33.44,2020-02-03,SLB,SCHLUMBERGER LTD,5651.0,485.0
80685710,34.07,34.23,2020-02-04,SLB,SCHLUMBERGER LTD,5651.0,485.0
80685710,35.07,34.77,2020-02-05,SLB,SCHLUMBERGER LTD,5651.0,485.0
80685710,34.51,35.22,2020-02-06,SLB,SCHLUMBERGER LTD,5651.0,485.0
80685710,34.42,34.0,2020-02-07,SLB,SCHLUMBERGER LTD,5651.0,485.0
80685710,34.35,34.12,2020-02-10,SLB,SCHLUMBERGER LTD,5651.0,485.0
80685710,34.29,34.15,2020-02-11,SLB,SCHLUMBERGER LTD,5651.0,485.0
80685710,35.05,35.22,2020-02-12,SLB,SCHLUMBERGER LTD,5651.0,485.0
80685710,34.67,34.84,2020-02-13,SLB,SCHLUMBERGER LTD,5651.0,485.0
80685710,34.42,34.81,2020-02-14,SLB,SCHLUMBERGER LTD,5651.0,485.0
80685710,33.65,33.9,2020-02-18,SLB,SCHLUMBERGER LTD,5651.0,485.0
80685710,34.29,33.88,2020-02-19,SLB,SCHLUMBERGER LTD,5651.0,485.0
80685710,33.83,34.49,2020-02-20,SLB,SCHLUMBERGER LTD,5651.0,485.0
80685710,33.39,33.47,2020-02-21,SLB,SCHLUMBERGER LTD,5651.0,485.0
80685710,30.93,31.89,2020-02-24,SLB,SCHLUMBERGER LTD,5651.0,485.0
80685710,29.34,30.99,2020-02-25,SLB,SCHLUMBERGER LTD,5651.0,485.0
80685710,28.38,29.59,2020-02-26,SLB,SCHLUMBERGER LTD,5651.0,485.0
80685710,26.84,27.53,2020-02-27,SLB,SCHLUMBERGER LTD,5651.0,485.0
80685710,27.09,25.81,2020-02-28,SLB,SCHLUMBERGER LTD,5651.0,485.0
80685710,27.79,27.65,2020-03-02,SLB,SCHLUMBERGER LTD,5651.0,485.0
80685710,26.81,27.62,2020-03-03,SLB,SCHLUMBERGER LTD,5651.0,485.0
80685710,27.08,27.21,2020-03-04,SLB,SCHLUMBERGER LTD,5651.0,485.0
80685710,25.83,26.13,2020-03-05,SLB,SCHLUMBERGER LTD,5651.0,485.0
80685710,23.85,24.88,2020-03-06,SLB,SCHLUMBERGER LTD,5651.0,485.0
80685710,17.31,17.9,2020-03-09,SLB,SCHLUMBERGER LTD,5651.0,485.0
80685710,18.19,19.14,2020-03-10,SLB,SCHLUMBERGER LTD,5651.0,485.0
80685710,17.38,17.32,2020-03-11,SLB,SCHLUMBERGER LTD,5651.0,485.0
80685710,14.42,15.62,2020-03-12,SLB,SCHLUMBERGER LTD,5651.0,485.0
80685710,16.16,15.72,2020-03-13,SLB,SCHLUMBERGER LTD,5651.0,485.0
80685710,14.41,14.02,2020-03-16,SLB,SCHLUMBERGER LTD,5651.0,485.0
80685710,14.0,14.54,2020-03-17,SLB,SCHLUMBERGER LTD,5651.0,485.0
80685710,12.05,13.0,2020-03-18,SLB,SCHLUMBERGER LTD,5651.0,485.0
80685710,13.87,12.17,2020-03-19,SLB,SCHLUMBERGER LTD,5651.0,485.0
80685710,14.28,14.3,2020-03-20,SLB,SCHLUMBERGER LTD,5651.0,485.0
80685710,12.83,14.17,2020-03-23,SLB,SCHLUMBERGER LTD,5651.0,485.0
80685710,14.65,13.54,2020-03-24,SLB,SCHLUMBERGER LTD,5651.0,485.0
80685710,14.6,14.99,2020-03-25,SLB,SCHLUMBERGER LTD,5651.0,485.0
80685710,15.52,14.51,2020-03-26,SLB,SCHLUMBERGER LTD,5651.0,485.0
80685710,13.76,14.54,2020-03-27,SLB,SCHLUMBERGER LTD,5651.0,485.0
80685710,13.28,13.35,2020-03-30,SLB,SCHLUMBERGER LTD,5651.0,485.0
80685710,13.49,13.88,2020-03-31,SLB,SCHLUMBERGER LTD,5651.0,485.0
80685710,12.59,13.09,2020-04-01,SLB,SCHLUMBERGER LTD,5651.0,485.0
80685710,13.88,13.1,2020-04-02,SLB,SCHLUMBERGER LTD,5651.0,485.0
80685710,14.29,14.48,2020-04-03,SLB,SCHLUMBERGER LTD,5651.0,485.0
80685710,15.67,14.96,2020-04-06,SLB,SCHLUMBERGER LTD,5651.0,485.0
80685710,16.47,16.93,2020-04-07,SLB,SCHLUMBERGER LTD,5651.0,485.0
80685710,17.28,16.9,2020-04-08,SLB,SCHLUMBERGER LTD,5651.0,485.0
80685710,16.47,18.38,2020-04-09,SLB,SCHLUMBERGER LTD,5651.0,485.0
80685710,15.95,16.62,2020-04-13,SLB,SCHLUMBERGER LTD,5651.0,485.0
80685710,15.54,16.0,2020-04-14,SLB,SCHLUMBERGER LTD,5651.0,485.0
80685710,14.73,14.67,2020-04-15,SLB,SCHLUMBERGER LTD,5651.0,485.0
80685710,14.05,14.64,2020-04-16,SLB,SCHLUMBERGER LTD,5651.0,485.0
80685710,15.28,14.72,2020-04-17,SLB,SCHLUMBERGER LTD,5651.0,485.0
80685710,15.21,14.07,2020-04-20,SLB,SCHLUMBERGER LTD,5651.0,485.0
80685710,14.69,14.84,2020-04-21,SLB,SCHLUMBERGER LTD,5651.0,485.0
80685710,15.34,15.46,2020-04-22,SLB,SCHLUMBERGER LTD,5651.0,485.0
80685710,16.52,15.85,2020-04-23,SLB,SCHLUMBERGER LTD,5651.0,485.0
80685710,16.11,16.85,2020-04-24,SLB,SCHLUMBERGER LTD,5651.0,485.0
80685710,16.05,15.75,2020-04-27,SLB,SCHLUMBERGER LTD,5651.0,485.0
80685710,16.15,16.4,2020-04-28,SLB,SCHLUMBERGER LTD,5651.0,485.0
80685710,18.2,16.95,2020-04-29,SLB,SCHLUMBERGER LTD,5651.0,485.0
80685710,16.82,18.25,2020-04-30,SLB,SCHLUMBERGER LTD,5651.0,485.0
80685710,15.75,16.32,2020-05-01,SLB,SCHLUMBERGER LTD,5651.0,485.0
80685710,16.23,15.26,2020-05-04,SLB,SCHLUMBERGER LTD,5651.0,485.0
80685710,16.25,16.97,2020-05-05,SLB,SCHLUMBERGER LTD,5651.0,485.0
80685710,15.82,16.24,2020-05-06,SLB,SCHLUMBERGER LTD,5651.0,485.0
80685710,16.73,16.31,2020-05-07,SLB,SCHLUMBERGER LTD,5651.0,485.0
80685710,18.05,17.12,2020-05-08,SLB,SCHLUMBERGER LTD,5651.0,485.0
80685710,17.36,17.7,2020-05-11,SLB,SCHLUMBERGER LTD,5651.0,485.0
80685710,17.08,17.5,2020-05-12,SLB,SCHLUMBERGER LTD,5651.0,485.0
80685710,15.85,16.87,2020-05-13,SLB,SCHLUMBERGER LTD,5651.0,485.0
80685710,16.1,15.5,2020-05-14,SLB,SCHLUMBERGER LTD,5651.0,485.0
80685710,15.95,15.98,2020-05-15,SLB,SCHLUMBERGER LTD,5651.0,485.0
80685710,17.95,17.04,2020-05-18,SLB,SCHLUMBERGER LTD,5651.0,485.0
80685710,17.11,17.81,2020-05-19,SLB,SCHLUMBERGER LTD,5651.0,485.0
80685710,18.21,17.47,2020-05-20,SLB,SCHLUMBERGER LTD,5651.0,485.0
80685710,17.79,18.22,2020-05-21,SLB,SCHLUMBERGER LTD,5651.0,485.0
80685710,17.58,17.57,2020-05-22,SLB,SCHLUMBERGER LTD,5651.0,485.0
80685710,18.4,18.31,2020-05-26,SLB,SCHLUMBERGER LTD,5651.0,485.0
80685710,19.05,18.89,2020-05-27,SLB,SCHLUMBERGER LTD,5651.0,485.0
80685710,18.79,19.14,2020-05-28,SLB,SCHLUMBERGER LTD,5651.0,485.0
80685710,18.47,18.55,2020-05-29,SLB,SCHLUMBERGER LTD,5651.0,485.0
80685710,18.43,18.51,2020-06-01,SLB,SCHLUMBERGER LTD,5651.0,485.0
80685710,18.86,18.5,2020-06-02,SLB,SCHLUMBERGER LTD,5651.0,485.0
80685710,19.61,19.33,2020-06-03,SLB,SCHLUMBERGER LTD,5651.0,485.0
80685710,20.33,19.63,2020-06-04,SLB,SCHLUMBERGER LTD,5651.0,485.0
80685710,21.99,22.33,2020-06-05,SLB,SCHLUMBERGER LTD,5651.0,485.0
80685710,23.65,23.37,2020-06-08,SLB,SCHLUMBERGER LTD,5651.0,485.0
80685710,22.51,22.56,2020-06-09,SLB,SCHLUMBERGER LTD,5651.0,485.0
80685710,20.96,21.98,2020-06-10,SLB,SCHLUMBERGER LTD,5651.0,485.0
80685710,18.51,19.12,2020-06-11,SLB,SCHLUMBERGER LTD,5651.0,485.0
80685710,19.0,19.57,2020-06-12,SLB,SCHLUMBERGER LTD,5651.0,485.0
80685710,19.32,17.98,2020-06-15,SLB,SCHLUMBERGER LTD,5651.0,485.0
80685710,19.55,20.58,2020-06-16,SLB,SCHLUMBERGER LTD,5651.0,485.0
80685710,19.83,19.51,2020-06-17,SLB,SCHLUMBERGER LTD,5651.0,485.0
80685710,20.18,19.31,2020-06-18,SLB,SCHLUMBERGER LTD,5651.0,485.0
80685710,19.71,20.94,2020-06-19,SLB,SCHLUMBERGER LTD,5651.0,485.0
80685710,19.82,19.48,2020-06-22,SLB,SCHLUMBERGER LTD,5651.0,485.0
80685710,19.57,19.97,2020-06-23,SLB,SCHLUMBERGER LTD,5651.0,485.0
80685710,17.86,19.09,2020-06-24,SLB,SCHLUMBERGER LTD,5651.0,485.0
80685710,18.42,17.64,2020-06-25,SLB,SCHLUMBERGER LTD,5651.0,485.0
80685710,17.44,18.18,2020-06-26,SLB,SCHLUMBERGER LTD,5651.0,485.0
80685710,18.01,17.63,2020-06-29,SLB,SCHLUMBERGER LTD,5651.0,485.0
80685710,18.39,17.78,2020-06-30,SLB,SCHLUMBERGER LTD,5651.0,485.0
80685710,17.72,18.5,2020-07-01,SLB,SCHLUMBERGER LTD,5651.0,485.0
80685710,17.98,18.18,2020-07-02,SLB,SCHLUMBERGER LTD,5651.0,485.0
80685710,18.75,18.47,2020-07-06,SLB,SCHLUMBERGER LTD,5651.0,485.0
80685710,18.18,18.63,2020-07-07,SLB,SCHLUMBERGER LTD,5651.0,485.0
80685710,18.07,18.2,2020-07-08,SLB,SCHLUMBERGER LTD,5651.0,485.0
80685710,17.13,18.0,2020-07-09,SLB,SCHLUMBERGER LTD,5651.0,485.0
80685710,17.79,17.09,2020-07-10,SLB,SCHLUMBERGER LTD,5651.0,485.0
80685710,17.38,17.99,2020-07-13,SLB,SCHLUMBERGER LTD,5651.0,485.0
80685710,18.39,17.27,2020-07-14,SLB,SCHLUMBERGER LTD,5651.0,485.0
80685710,18.9,19.0,2020-07-15,SLB,SCHLUMBERGER LTD,5651.0,485.0
80685710,18.82,18.76,2020-07-16,SLB,SCHLUMBERGER LTD,5651.0,485.0
80685710,18.62,18.96,2020-07-17,SLB,SCHLUMBERGER LTD,5651.0,485.0
80685710,18.44,18.6,2020-07-20,SLB,SCHLUMBERGER LTD,5651.0,485.0
80685710,19.56,18.86,2020-07-21,SLB,SCHLUMBERGER LTD,5651.0,485.0
80685710,19.17,19.3,2020-07-22,SLB,SCHLUMBERGER LTD,5651.0,485.0
80685710,19.3,18.98,2020-07-23,SLB,SCHLUMBERGER LTD,5651.0,485.0
80685710,19.48,19.5,2020-07-24,SLB,SCHLUMBERGER LTD,5651.0,485.0
80685710,19.68,19.7,2020-07-27,SLB,SCHLUMBERGER LTD,5651.0,485.0
80685710,19.15,19.49,2020-07-28,SLB,SCHLUMBERGER LTD,5651.0,485.0
80685710,19.43,19.1,2020-07-29,SLB,SCHLUMBERGER LTD,5651.0,485.0
80685710,18.44,19.05,2020-07-30,SLB,SCHLUMBERGER LTD,5651.0,485.0
80685710,18.14,18.11,2020-07-31,SLB,SCHLUMBERGER LTD,5651.0,485.0
80685710,18.72,18.1,2020-08-03,SLB,SCHLUMBERGER LTD,5651.0,485.0
80685710,19.23,18.68,2020-08-04,SLB,SCHLUMBERGER LTD,5651.0,485.0
80685710,19.5,19.66,2020-08-05,SLB,SCHLUMBERGER LTD,5651.0,485.0
80685710,19.32,19.45,2020-08-06,SLB,SCHLUMBERGER LTD,5651.0,485.0
80685710,19.63,19.19,2020-08-07,SLB,SCHLUMBERGER LTD,5651.0,485.0
80685710,20.22,19.56,2020-08-10,SLB,SCHLUMBERGER LTD,5651.0,485.0
80685710,20.3,20.86,2020-08-11,SLB,SCHLUMBERGER LTD,5651.0,485.0
80685710,20.36,20.66,2020-08-12,SLB,SCHLUMBERGER LTD,5651.0,485.0
80685710,19.87,20.29,2020-08-13,SLB,SCHLUMBERGER LTD,5651.0,485.0
80685710,20.07,19.67,2020-08-14,SLB,SCHLUMBERGER LTD,5651.0,485.0
80685710,20.01,19.95,2020-08-17,SLB,SCHLUMBERGER LTD,5651.0,485.0
80685710,19.77,19.86,2020-08-18,SLB,SCHLUMBERGER LTD,5651.0,485.0
80685710,19.72,19.74,2020-08-19,SLB,SCHLUMBERGER LTD,5651.0,485.0
80685710,18.77,19.39,2020-08-20,SLB,SCHLUMBERGER LTD,5651.0,485.0
80685710,18.58,18.55,2020-08-21,SLB,SCHLUMBERGER LTD,5651.0,485.0
80685710,19.55,18.72,2020-08-24,SLB,SCHLUMBERGER LTD,5651.0,485.0
80685710,19.26,19.97,2020-08-25,SLB,SCHLUMBERGER LTD,5651.0,485.0
80685710,18.67,19.23,2020-08-26,SLB,SCHLUMBERGER LTD,5651.0,485.0
80685710,18.7,18.75,2020-08-27,SLB,SCHLUMBERGER LTD,5651.0,485.0
80685710,19.42,18.8,2020-08-28,SLB,SCHLUMBERGER LTD,5651.0,485.0
80685710,19.01,19.5,2020-08-31,SLB,SCHLUMBERGER LTD,5651.0,485.0
80685710,18.63,18.52,2020-09-01,SLB,SCHLUMBERGER LTD,5651.0,485.0
80685710,18.77,18.53,2020-09-02,SLB,SCHLUMBERGER LTD,5651.0,485.0
80685710,19.12,18.77,2020-09-03,SLB,SCHLUMBERGER LTD,5651.0,485.0
80685710,19.31,19.35,2020-09-04,SLB,SCHLUMBERGER LTD,5651.0,485.0
80685710,18.38,18.9,2020-09-08,SLB,SCHLUMBERGER LTD,5651.0,485.0
80685710,18.61,18.48,2020-09-09,SLB,SCHLUMBERGER LTD,5651.0,485.0
80685710,17.71,18.65,2020-09-10,SLB,SCHLUMBERGER LTD,5651.0,485.0
80685710,17.87,17.76,2020-09-11,SLB,SCHLUMBERGER LTD,5651.0,485.0
80685710,18.03,17.89,2020-09-14,SLB,SCHLUMBERGER LTD,5651.0,485.0
80685710,18.2,18.07,2020-09-15,SLB,SCHLUMBERGER LTD,5651.0,485.0
80685710,19.18,18.54,2020-09-16,SLB,SCHLUMBERGER LTD,5651.0,485.0
80685710,19.08,18.81,2020-09-17,SLB,SCHLUMBERGER LTD,5651.0,485.0
80685710,18.73,18.79,2020-09-18,SLB,SCHLUMBERGER LTD,5651.0,485.0
80685710,17.27,18.1,2020-09-21,SLB,SCHLUMBERGER LTD,5651.0,485.0
80685710,17.33,17.41,2020-09-22,SLB,SCHLUMBERGER LTD,5651.0,485.0
80685710,16.61,17.28,2020-09-23,SLB,SCHLUMBERGER LTD,5651.0,485.0
80685710,16.62,16.34,2020-09-24,SLB,SCHLUMBERGER LTD,5651.0,485.0
80685710,15.92,16.28,2020-09-25,SLB,SCHLUMBERGER LTD,5651.0,485.0
80685710,16.45,16.36,2020-09-28,SLB,SCHLUMBERGER LTD,5651.0,485.0
80685710,15.6,16.35,2020-09-29,SLB,SCHLUMBERGER LTD,5651.0,485.0
80685710,15.56,15.81,2020-09-30,SLB,SCHLUMBERGER LTD,5651.0,485.0
80685710,15.01,15.36,2020-10-01,SLB,SCHLUMBERGER LTD,5651.0,485.0
80685710,15.57,14.57,2020-10-02,SLB,SCHLUMBERGER LTD,5651.0,485.0
80685710,16.07,15.77,2020-10-05,SLB,SCHLUMBERGER LTD,5651.0,485.0
80685710,15.67,16.44,2020-10-06,SLB,SCHLUMBERGER LTD,5651.0,485.0
80685710,15.95,15.72,2020-10-07,SLB,SCHLUMBERGER LTD,5651.0,485.0
80685710,16.43,16.12,2020-10-08,SLB,SCHLUMBERGER LTD,5651.0,485.0
80685710,16.23,16.58,2020-10-09,SLB,SCHLUMBERGER LTD,5651.0,485.0
80685710,16.12,16.03,2020-10-12,SLB,SCHLUMBERGER LTD,5651.0,485.0
80685710,15.73,15.96,2020-10-13,SLB,SCHLUMBERGER LTD,5651.0,485.0
80685710,15.95,15.75,2020-10-14,SLB,SCHLUMBERGER LTD,5651.0,485.0
80685710,16.42,15.75,2020-10-15,SLB,SCHLUMBERGER LTD,5651.0,485.0
80685710,14.97,15.62,2020-10-16,SLB,SCHLUMBERGER LTD,5651.0,485.0
80685710,15.01,15.16,2020-10-19,SLB,SCHLUMBERGER LTD,5651.0,485.0
80685710,15.49,15.24,2020-10-20,SLB,SCHLUMBERGER LTD,5651.0,485.0
80685710,15.01,15.36,2020-10-21,SLB,SCHLUMBERGER LTD,5651.0,485.0
80685710,15.3,15.06,2020-10-22,SLB,SCHLUMBERGER LTD,5651.0,485.0
80685710,15.4,15.46,2020-10-23,SLB,SCHLUMBERGER LTD,5651.0,485.0
80685710,15.17,15.15,2020-10-26,SLB,SCHLUMBERGER LTD,5651.0,485.0
80685710,15.09,15.11,2020-10-27,SLB,SCHLUMBERGER LTD,5651.0,485.0
80685710,14.18,14.5,2020-10-28,SLB,SCHLUMBERGER LTD,5651.0,485.0
80685710,14.45,13.9,2020-10-29,SLB,SCHLUMBERGER LTD,5651.0,485.0
80685710,14.94,14.41,2020-10-30,SLB,SCHLUMBERGER LTD,5651.0,485.0
80685710,15.58,15.12,2020-11-02,SLB,SCHLUMBERGER LTD,5651.0,485.0
80685710,15.76,15.92,2020-11-03,SLB,SCHLUMBERGER LTD,5651.0,485.0
80685710,15.97,15.7,2020-11-04,SLB,SCHLUMBERGER LTD,5651.0,485.0
80685710,15.52,15.9,2020-11-05,SLB,SCHLUMBERGER LTD,5651.0,485.0
80685710,15.22,15.49,2020-11-06,SLB,SCHLUMBERGER LTD,5651.0,485.0
80685710,18.25,17.02,2020-11-09,SLB,SCHLUMBERGER LTD,5651.0,485.0
80685710,18.31,18.77,2020-11-10,SLB,SCHLUMBERGER LTD,5651.0,485.0
80685710,17.71,18.5,2020-11-11,SLB,SCHLUMBERGER LTD,5651.0,485.0
80685710,17.3,17.35,2020-11-12,SLB,SCHLUMBERGER LTD,5651.0,485.0
80685710,18.0,17.44,2020-11-13,SLB,SCHLUMBERGER LTD,5651.0,485.0
80685710,20.04,18.89,2020-11-16,SLB,SCHLUMBERGER LTD,5651.0,485.0
80685710,20.09,19.44,2020-11-17,SLB,SCHLUMBERGER LTD,5651.0,485.0
80685710,19.97,20.18,2020-11-18,SLB,SCHLUMBERGER LTD,5651.0,485.0
80685710,20.46,19.69,2020-11-19,SLB,SCHLUMBERGER LTD,5651.0,485.0
80685710,20.21,20.36,2020-11-20,SLB,SCHLUMBERGER LTD,5651.0,485.0
80685710,21.61,20.6,2020-11-23,SLB,SCHLUMBERGER LTD,5651.0,485.0
80685710,22.23,22.44,2020-11-24,SLB,SCHLUMBERGER LTD,5651.0,485.0
80685710,22.1,21.73,2020-11-25,SLB,SCHLUMBERGER LTD,5651.0,485.0
80685710,21.88,21.97,2020-11-27,SLB,SCHLUMBERGER LTD,5651.0,485.0
80685710,20.79,21.96,2020-11-30,SLB,SCHLUMBERGER LTD,5651.0,485.0
80685710,21.07,21.37,2020-12-01,SLB,SCHLUMBERGER LTD,5651.0,485.0
80685710,21.64,20.95,2020-12-02,SLB,SCHLUMBERGER LTD,5651.0,485.0
80685710,22.07,21.85,2020-12-03,SLB,SCHLUMBERGER LTD,5651.0,485.0
80685710,23.45,22.56,2020-12-04,SLB,SCHLUMBERGER LTD,5651.0,485.0
80685710,22.83,23.3,2020-12-07,SLB,SCHLUMBERGER LTD,5651.0,485.0
80685710,23.23,22.5,2020-12-08,SLB,SCHLUMBERGER LTD,5651.0,485.0
80685710,23.37,23.3,2020-12-09,SLB,SCHLUMBERGER LTD,5651.0,485.0
80685710,23.38,22.47,2020-12-10,SLB,SCHLUMBERGER LTD,5651.0,485.0
80685710,22.94,23.13,2020-12-11,SLB,SCHLUMBERGER LTD,5651.0,485.0
80685710,22.18,23.31,2020-12-14,SLB,SCHLUMBERGER LTD,5651.0,485.0
80685710,22.97,22.46,2020-12-15,SLB,SCHLUMBERGER LTD,5651.0,485.0
80685710,22.84,22.92,2020-12-16,SLB,SCHLUMBERGER LTD,5651.0,485.0
80685710,22.93,22.99,2020-12-17,SLB,SCHLUMBERGER LTD,5651.0,485.0
80685710,22.31,22.85,2020-12-18,SLB,SCHLUMBERGER LTD,5651.0,485.0
80685710,21.78,21.41,2020-12-21,SLB,SCHLUMBERGER LTD,5651.0,485.0
80685710,21.36,21.78,2020-12-22,SLB,SCHLUMBERGER LTD,5651.0,485.0
80685710,21.92,21.5,2020-12-23,SLB,SCHLUMBERGER LTD,5651.0,485.0
80685710,21.64,21.98,2020-12-24,SLB,SCHLUMBERGER LTD,5651.0,485.0
80685710,21.57,21.61,2020-12-28,SLB,SCHLUMBERGER LTD,5651.0,485.0
80685710,21.38,21.71,2020-12-29,SLB,SCHLUMBERGER LTD,5651.0,485.0
80685710,21.88,21.42,2020-12-30,SLB,SCHLUMBERGER LTD,5651.0,485.0
80685710,21.83,21.47,2020-12-31,SLB,SCHLUMBERGER LTD,5651.0,485.0
80685710,21.95,22.08,2021-01-04,SLB,SCHLUMBERGER LTD,5651.0,485.0
80685710,23.13,22.22,2021-01-05,SLB,SCHLUMBERGER LTD,5651.0,485.0
80685710,24.41,23.96,2021-01-06,SLB,SCHLUMBERGER LTD,5651.0,485.0
80685710,24.88,24.54,2021-01-07,SLB,SCHLUMBERGER LTD,5651.0,485.0
80685710,24.84,25.0,2021-01-08,SLB,SCHLUMBERGER LTD,5651.0,485.0
80685710,24.99,24.2,2021-01-11,SLB,SCHLUMBERGER LTD,5651.0,485.0
80685710,26.14,25.5,2021-01-12,SLB,SCHLUMBERGER LTD,5651.0,485.0
80685710,25.46,26.18,2021-01-13,SLB,SCHLUMBERGER LTD,5651.0,485.0
80685710,25.96,25.53,2021-01-14,SLB,SCHLUMBERGER LTD,5651.0,485.0
80685710,24.91,25.45,2021-01-15,SLB,SCHLUMBERGER LTD,5651.0,485.0
80685710,25.42,25.2,2021-01-19,SLB,SCHLUMBERGER LTD,5651.0,485.0
80685710,25.35,25.55,2021-01-20,SLB,SCHLUMBERGER LTD,5651.0,485.0
80685710,24.19,25.12,2021-01-21,SLB,SCHLUMBERGER LTD,5651.0,485.0
80685710,24.41,23.71,2021-01-22,SLB,SCHLUMBERGER LTD,5651.0,485.0
80685710,23.74,24.37,2021-01-25,SLB,SCHLUMBERGER LTD,5651.0,485.0
80685710,22.74,24.07,2021-01-26,SLB,SCHLUMBERGER LTD,5651.0,485.0
80685710,21.81,22.45,2021-01-27,SLB,SCHLUMBERGER LTD,5651.0,485.0
80685710,22.64,22.12,2021-01-28,SLB,SCHLUMBERGER LTD,5651.0,485.0
80685710,22.21,22.4,2021-01-29,SLB,SCHLUMBERGER LTD,5651.0,485.0
80685710,22.16,22.5,2021-02-01,SLB,SCHLUMBERGER LTD,5651.0,485.0
80685710,22.51,22.75,2021-02-02,SLB,SCHLUMBERGER LTD,5651.0,485.0
80685710,24.18,22.7,2021-02-03,SLB,SCHLUMBERGER LTD,5651.0,485.0
80685710,24.81,24.34,2021-02-04,SLB,SCHLUMBERGER LTD,5651.0,485.0
80685710,25.01,25.23,2021-02-05,SLB,SCHLUMBERGER LTD,5651.0,485.0
80685710,25.99,25.45,2021-02-08,SLB,SCHLUMBERGER LTD,5651.0,485.0
80685710,26.0,25.75,2021-02-09,SLB,SCHLUMBERGER LTD,5651.0,485.0
80685710,26.62,26.24,2021-02-10,SLB,SCHLUMBERGER LTD,5651.0,485.0
80685710,26.37,26.39,2021-02-11,SLB,SCHLUMBERGER LTD,5651.0,485.0
80685710,26.77,26.06,2021-02-12,SLB,SCHLUMBERGER LTD,5651.0,485.0
80685710,26.81,27.0,2021-02-16,SLB,SCHLUMBERGER LTD,5651.0,485.0
80685710,26.87,27.15,2021-02-17,SLB,SCHLUMBERGER LTD,5651.0,485.0
80685710,25.58,26.6,2021-02-18,SLB,SCHLUMBERGER LTD,5651.0,485.0
80685710,26.12,25.64,2021-02-19,SLB,SCHLUMBERGER LTD,5651.0,485.0
80685710,27.54,26.0,2021-02-22,SLB,SCHLUMBERGER LTD,5651.0,485.0
80685710,27.74,27.76,2021-02-23,SLB,SCHLUMBERGER LTD,5651.0,485.0
80685710,29.41,28.08,2021-02-24,SLB,SCHLUMBERGER LTD,5651.0,485.0
80685710,28.51,29.4,2021-02-25,SLB,SCHLUMBERGER LTD,5651.0,485.0
80685710,27.91,27.82,2021-02-26,SLB,SCHLUMBERGER LTD,5651.0,485.0
80685710,28.72,28.76,2021-03-01,SLB,SCHLUMBERGER LTD,5651.0,485.0
80685710,28.14,28.75,2021-03-02,SLB,SCHLUMBERGER LTD,5651.0,485.0
80685710,28.37,28.34,2021-03-03,SLB,SCHLUMBERGER LTD,5651.0,485.0
80685710,28.58,28.7,2021-03-04,SLB,SCHLUMBERGER LTD,5651.0,485.0
80685710,29.07,29.67,2021-03-05,SLB,SCHLUMBERGER LTD,5651.0,485.0
80685710,29.71,29.36,2021-03-08,SLB,SCHLUMBERGER LTD,5651.0,485.0
80685710,29.35,29.79,2021-03-09,SLB,SCHLUMBERGER LTD,5651.0,485.0
80685710,29.95,29.34,2021-03-10,SLB,SCHLUMBERGER LTD,5651.0,485.0
80685710,29.4,30.08,2021-03-11,SLB,SCHLUMBERGER LTD,5651.0,485.0
80685710,29.01,29.42,2021-03-12,SLB,SCHLUMBERGER LTD,5651.0,485.0
80685710,29.12,29.15,2021-03-15,SLB,SCHLUMBERGER LTD,5651.0,485.0
80685710,28.06,28.74,2021-03-16,SLB,SCHLUMBERGER LTD,5651.0,485.0
80685710,28.31,27.83,2021-03-17,SLB,SCHLUMBERGER LTD,5651.0,485.0
80685710,27.25,28.01,2021-03-18,SLB,SCHLUMBERGER LTD,5651.0,485.0
80685710,27.05,27.26,2021-03-19,SLB,SCHLUMBERGER LTD,5651.0,485.0
80685710,27.65,27.05,2021-03-22,SLB,SCHLUMBERGER LTD,5651.0,485.0
80685710,26.67,26.98,2021-03-23,SLB,SCHLUMBERGER LTD,5651.0,485.0
80685710,27.42,27.28,2021-03-24,SLB,SCHLUMBERGER LTD,5651.0,485.0
80685710,27.4,26.77,2021-03-25,SLB,SCHLUMBERGER LTD,5651.0,485.0
80685710,28.31,27.84,2021-03-26,SLB,SCHLUMBERGER LTD,5651.0,485.0
80685710,27.7,28.23,2021-03-29,SLB,SCHLUMBERGER LTD,5651.0,485.0
80685710,27.22,27.38,2021-03-30,SLB,SCHLUMBERGER LTD,5651.0,485.0
80685710,27.19,27.22,2021-03-31,SLB,SCHLUMBERGER LTD,5651.0,485.0
80685710,28.1,27.45,2021-04-01,SLB,SCHLUMBERGER LTD,5651.0,485.0
80685710,27.55,28.28,2021-04-05,SLB,SCHLUMBERGER LTD,5651.0,485.0
80685710,27.44,27.61,2021-04-06,SLB,SCHLUMBERGER LTD,5651.0,485.0
80685710,27.35,27.51,2021-04-07,SLB,SCHLUMBERGER LTD,5651.0,485.0
80685710,27.06,27.0,2021-04-08,SLB,SCHLUMBERGER LTD,5651.0,485.0
80685710,26.76,27.11,2021-04-09,SLB,SCHLUMBERGER LTD,5651.0,485.0
80685710,26.54,26.87,2021-04-12,SLB,SCHLUMBERGER LTD,5651.0,485.0
80685710,26.04,26.24,2021-04-13,SLB,SCHLUMBERGER LTD,5651.0,485.0
80685710,27.31,26.26,2021-04-14,SLB,SCHLUMBERGER LTD,5651.0,485.0
80685710,26.66,27.21,2021-04-15,SLB,SCHLUMBERGER LTD,5651.0,485.0
80685710,26.29,26.89,2021-04-16,SLB,SCHLUMBERGER LTD,5651.0,485.0
80685710,26.53,26.39,2021-04-19,SLB,SCHLUMBERGER LTD,5651.0,485.0
80685710,25.25,26.16,2021-04-20,SLB,SCHLUMBERGER LTD,5651.0,485.0
80685710,25.73,24.75,2021-04-21,SLB,SCHLUMBERGER LTD,5651.0,485.0
80685710,25.25,25.7,2021-04-22,SLB,SCHLUMBERGER LTD,5651.0,485.0
80685710,25.71,24.81,2021-04-23,SLB,SCHLUMBERGER LTD,5651.0,485.0
80685710,26.37,25.86,2021-04-26,SLB,SCHLUMBERGER LTD,5651.0,485.0
80685710,26.18,26.4,2021-04-27,SLB,SCHLUMBERGER LTD,5651.0,485.0
80685710,27.36,26.37,2021-04-28,SLB,SCHLUMBERGER LTD,5651.0,485.0
80685710,27.82,27.72,2021-04-29,SLB,SCHLUMBERGER LTD,5651.0,485.0
80685710,27.05,27.48,2021-04-30,SLB,SCHLUMBERGER LTD,5651.0,485.0
80685710,28.22,27.53,2021-05-03,SLB,SCHLUMBERGER LTD,5651.0,485.0
80685710,28.39,28.24,2021-05-04,SLB,SCHLUMBERGER LTD,5651.0,485.0
80685710,30.34,28.77,2021-05-05,SLB,SCHLUMBERGER LTD,5651.0,485.0
80685710,30.73,30.23,2021-05-06,SLB,SCHLUMBERGER LTD,5651.0,485.0
80685710,31.89,30.29,2021-05-07,SLB,SCHLUMBERGER LTD,5651.0,485.0
80685710,31.63,32.22,2021-05-10,SLB,SCHLUMBERGER LTD,5651.0,485.0
80685710,31.26,30.93,2021-05-11,SLB,SCHLUMBERGER LTD,5651.0,485.0
80685710,32.1,31.35,2021-05-12,SLB,SCHLUMBERGER LTD,5651.0,485.0
80685710,31.76,31.68,2021-05-13,SLB,SCHLUMBERGER LTD,5651.0,485.0
80685710,32.81,32.24,2021-05-14,SLB,SCHLUMBERGER LTD,5651.0,485.0
80685710,34.05,32.53,2021-05-17,SLB,SCHLUMBERGER LTD,5651.0,485.0
80685710,33.07,34.12,2021-05-18,SLB,SCHLUMBERGER LTD,5651.0,485.0
80685710,32.0,32.4,2021-05-19,SLB,SCHLUMBERGER LTD,5651.0,485.0
80685710,31.77,31.99,2021-05-20,SLB,SCHLUMBERGER LTD,5651.0,485.0
80685710,31.95,32.27,2021-05-21,SLB,SCHLUMBERGER LTD,5651.0,485.0
80685710,31.7,32.13,2021-05-24,SLB,SCHLUMBERGER LTD,5651.0,485.0
80685710,31.24,31.63,2021-05-25,SLB,SCHLUMBERGER LTD,5651.0,485.0
80685710,31.55,31.13,2021-05-26,SLB,SCHLUMBERGER LTD,5651.0,485.0
80685710,31.34,31.82,2021-05-27,SLB,SCHLUMBERGER LTD,5651.0,485.0
80685710,31.33,31.64,2021-05-28,SLB,SCHLUMBERGER LTD,5651.0,485.0
80685710,32.93,31.96,2021-06-01,SLB,SCHLUMBERGER LTD,5651.0,485.0
80685710,35.46,33.39,2021-06-02,SLB,SCHLUMBERGER LTD,5651.0,485.0
80685710,36.52,35.25,2021-06-03,SLB,SCHLUMBERGER LTD,5651.0,485.0
80685710,36.42,36.61,2021-06-04,SLB,SCHLUMBERGER LTD,5651.0,485.0
80685710,35.83,36.52,2021-06-07,SLB,SCHLUMBERGER LTD,5651.0,485.0
80685710,35.9,35.59,2021-06-08,SLB,SCHLUMBERGER LTD,5651.0,485.0
80685710,35.76,35.91,2021-06-09,SLB,SCHLUMBERGER LTD,5651.0,485.0
80685710,34.94,36.16,2021-06-10,SLB,SCHLUMBERGER LTD,5651.0,485.0
80685710,34.89,35.38,2021-06-11,SLB,SCHLUMBERGER LTD,5651.0,485.0
80685710,34.05,34.87,2021-06-14,SLB,SCHLUMBERGER LTD,5651.0,485.0
80685710,34.19,34.06,2021-06-15,SLB,SCHLUMBERGER LTD,5651.0,485.0
80685710,34.04,33.85,2021-06-16,SLB,SCHLUMBERGER LTD,5651.0,485.0
80685710,32.47,33.97,2021-06-17,SLB,SCHLUMBERGER LTD,5651.0,485.0
80685710,31.29,31.79,2021-06-18,SLB,SCHLUMBERGER LTD,5651.0,485.0
80685710,33.12,31.75,2021-06-21,SLB,SCHLUMBERGER LTD,5651.0,485.0
80685710,33.02,32.84,2021-06-22,SLB,SCHLUMBERGER LTD,5651.0,485.0
80685710,32.88,33.55,2021-06-23,SLB,SCHLUMBERGER LTD,5651.0,485.0
80685710,33.26,33.05,2021-06-24,SLB,SCHLUMBERGER LTD,5651.0,485.0
80685710,33.35,33.31,2021-06-25,SLB,SCHLUMBERGER LTD,5651.0,485.0
80685710,32.02,33.15,2021-06-28,SLB,SCHLUMBERGER LTD,5651.0,485.0
80685710,31.88,32.28,2021-06-29,SLB,SCHLUMBERGER LTD,5651.0,485.0
80685710,32.01,32.1,2021-06-30,SLB,SCHLUMBERGER LTD,5651.0,485.0
80685710,33.07,33.0,2021-07-01,SLB,SCHLUMBERGER LTD,5651.0,485.0
80685710,32.79,32.8,2021-07-02,SLB,SCHLUMBERGER LTD,5651.0,485.0
80685710,31.17,32.97,2021-07-06,SLB,SCHLUMBERGER LTD,5651.0,485.0
80685710,30.68,31.12,2021-07-07,SLB,SCHLUMBERGER LTD,5651.0,485.0
80685710,30.53,29.96,2021-07-08,SLB,SCHLUMBERGER LTD,5651.0,485.0
80685710,31.19,31.0,2021-07-09,SLB,SCHLUMBERGER LTD,5651.0,485.0
80685710,31.22,30.77,2021-07-12,SLB,SCHLUMBERGER LTD,5651.0,485.0
80685710,30.61,30.92,2021-07-13,SLB,SCHLUMBERGER LTD,5651.0,485.0
80685710,29.55,30.98,2021-07-14,SLB,SCHLUMBERGER LTD,5651.0,485.0
80685710,28.73,29.23,2021-07-15,SLB,SCHLUMBERGER LTD,5651.0,485.0
80685710,27.87,29.13,2021-07-16,SLB,SCHLUMBERGER LTD,5651.0,485.0
80685710,26.65,26.53,2021-07-19,SLB,SCHLUMBERGER LTD,5651.0,485.0
80685710,27.24,26.7,2021-07-20,SLB,SCHLUMBERGER LTD,5651.0,485.0
80685710,28.43,28.03,2021-07-21,SLB,SCHLUMBERGER LTD,5651.0,485.0
80685710,27.98,28.34,2021-07-22,SLB,SCHLUMBERGER LTD,5651.0,485.0
80685710,28.41,28.28,2021-07-23,SLB,SCHLUMBERGER LTD,5651.0,485.0
80685710,29.46,29.07,2021-07-26,SLB,SCHLUMBERGER LTD,5651.0,485.0
80685710,29.18,29.03,2021-07-27,SLB,SCHLUMBERGER LTD,5651.0,485.0
80685710,29.32,29.29,2021-07-28,SLB,SCHLUMBERGER LTD,5651.0,485.0
80685710,29.64,29.86,2021-07-29,SLB,SCHLUMBERGER LTD,5651.0,485.0
80685710,28.83,29.34,2021-07-30,SLB,SCHLUMBERGER LTD,5651.0,485.0
80685710,28.5,28.85,2021-08-02,SLB,SCHLUMBERGER LTD,5651.0,485.0
80685710,28.9,28.31,2021-08-03,SLB,SCHLUMBERGER LTD,5651.0,485.0
80685710,27.63,28.51,2021-08-04,SLB,SCHLUMBERGER LTD,5651.0,485.0
80685710,27.92,27.86,2021-08-05,SLB,SCHLUMBERGER LTD,5651.0,485.0
80685710,28.42,28.35,2021-08-06,SLB,SCHLUMBERGER LTD,5651.0,485.0
80685710,27.99,27.78,2021-08-09,SLB,SCHLUMBERGER LTD,5651.0,485.0
80685710,28.42,28.19,2021-08-10,SLB,SCHLUMBERGER LTD,5651.0,485.0
80685710,28.98,28.38,2021-08-11,SLB,SCHLUMBERGER LTD,5651.0,485.0
80685710,28.55,28.74,2021-08-12,SLB,SCHLUMBERGER LTD,5651.0,485.0
80685710,28.35,28.53,2021-08-13,SLB,SCHLUMBERGER LTD,5651.0,485.0
80685710,27.78,27.93,2021-08-16,SLB,SCHLUMBERGER LTD,5651.0,485.0
80685710,27.19,27.48,2021-08-17,SLB,SCHLUMBERGER LTD,5651.0,485.0
80685710,26.81,27.26,2021-08-18,SLB,SCHLUMBERGER LTD,5651.0,485.0
80685710,26.44,26.15,2021-08-19,SLB,SCHLUMBERGER LTD,5651.0,485.0
80685710,26.46,26.1,2021-08-20,SLB,SCHLUMBERGER LTD,5651.0,485.0
80685710,27.49,26.99,2021-08-23,SLB,SCHLUMBERGER LTD,5651.0,485.0
80685710,28.22,27.69,2021-08-24,SLB,SCHLUMBERGER LTD,5651.0,485.0
80685710,28.45,28.22,2021-08-25,SLB,SCHLUMBERGER LTD,5651.0,485.0
80685710,28.13,28.25,2021-08-26,SLB,SCHLUMBERGER LTD,5651.0,485.0
80685710,29.08,28.48,2021-08-27,SLB,SCHLUMBERGER LTD,5651.0,485.0
80685710,28.28,29.27,2021-08-30,SLB,SCHLUMBERGER LTD,5651.0,485.0
80685710,28.04,27.96,2021-08-31,SLB,SCHLUMBERGER LTD,5651.0,485.0
80685710,27.98,28.07,2021-09-01,SLB,SCHLUMBERGER LTD,5651.0,485.0
80685710,28.61,28.31,2021-09-02,SLB,SCHLUMBERGER LTD,5651.0,485.0
80685710,28.09,28.54,2021-09-03,SLB,SCHLUMBERGER LTD,5651.0,485.0
80685710,27.83,27.62,2021-09-07,SLB,SCHLUMBERGER LTD,5651.0,485.0
80685710,26.66,27.96,2021-09-08,SLB,SCHLUMBERGER LTD,5651.0,485.0
80685710,26.62,26.59,2021-09-09,SLB,SCHLUMBERGER LTD,5651.0,485.0
80685710,26.78,27.04,2021-09-10,SLB,SCHLUMBERGER LTD,5651.0,485.0
80685710,28.11,27.27,2021-09-13,SLB,SCHLUMBERGER LTD,5651.0,485.0
80685710,27.67,28.47,2021-09-14,SLB,SCHLUMBERGER LTD,5651.0,485.0
80685710,29.24,28.2,2021-09-15,SLB,SCHLUMBERGER LTD,5651.0,485.0
80685710,28.86,28.99,2021-09-16,SLB,SCHLUMBERGER LTD,5651.0,485.0
80685710,28.31,28.7,2021-09-17,SLB,SCHLUMBERGER LTD,5651.0,485.0
80685710,27.25,27.37,2021-09-20,SLB,SCHLUMBERGER LTD,5651.0,485.0
80685710,26.93,27.61,2021-09-21,SLB,SCHLUMBERGER LTD,5651.0,485.0
80685710,27.15,27.51,2021-09-22,SLB,SCHLUMBERGER LTD,5651.0,485.0
80685710,28.88,27.32,2021-09-23,SLB,SCHLUMBERGER LTD,5651.0,485.0
80685710,29.01,28.71,2021-09-24,SLB,SCHLUMBERGER LTD,5651.0,485.0
80685710,30.19,29.8,2021-09-27,SLB,SCHLUMBERGER LTD,5651.0,485.0
80685710,30.91,30.81,2021-09-28,SLB,SCHLUMBERGER LTD,5651.0,485.0
80685710,30.33,30.955,2021-09-29,SLB,SCHLUMBERGER LTD,5651.0,485.0
80685710,29.64,30.27,2021-09-30,SLB,SCHLUMBERGER LTD,5651.0,485.0
80685710,30.36,29.84,2021-10-01,SLB,SCHLUMBERGER LTD,5651.0,485.0
80685710,30.88,30.93,2021-10-04,SLB,SCHLUMBERGER LTD,5651.0,485.0
80685710,30.59,31.26,2021-10-05,SLB,SCHLUMBERGER LTD,5651.0,485.0
80685710,29.94,30.09,2021-10-06,SLB,SCHLUMBERGER LTD,5651.0,485.0
80685710,31.02,30.63,2021-10-07,SLB,SCHLUMBERGER LTD,5651.0,485.0
80685710,31.66,31.39,2021-10-08,SLB,SCHLUMBERGER LTD,5651.0,485.0
80685710,32.46,32.29,2021-10-11,SLB,SCHLUMBERGER LTD,5651.0,485.0
80685710,32.88,32.45,2021-10-12,SLB,SCHLUMBERGER LTD,5651.0,485.0
80685710,32.76,32.46,2021-10-13,SLB,SCHLUMBERGER LTD,5651.0,485.0
80685710,33.52,33.26,2021-10-14,SLB,SCHLUMBERGER LTD,5651.0,485.0
80685710,34.0,33.98,2021-10-15,SLB,SCHLUMBERGER LTD,5651.0,485.0
80685710,34.16,34.14,2021-10-18,SLB,SCHLUMBERGER LTD,5651.0,485.0
80685710,34.54,34.4,2021-10-19,SLB,SCHLUMBERGER LTD,5651.0,485.0
80685710,34.74,34.03,2021-10-20,SLB,SCHLUMBERGER LTD,5651.0,485.0
80685710,34.3,34.35,2021-10-21,SLB,SCHLUMBERGER LTD,5651.0,485.0
80685710,33.91,33.85,2021-10-22,SLB,SCHLUMBERGER LTD,5651.0,485.0
80685710,34.36,34.43,2021-10-25,SLB,SCHLUMBERGER LTD,5651.0,485.0
80685710,34.26,34.7,2021-10-26,SLB,SCHLUMBERGER LTD,5651.0,485.0
80685710,32.54,33.87,2021-10-27,SLB,SCHLUMBERGER LTD,5651.0,485.0
80685710,33.3,32.52,2021-10-28,SLB,SCHLUMBERGER LTD,5651.0,485.0
80685710,32.26,33.185,2021-10-29,SLB,SCHLUMBERGER LTD,5651.0,485.0
80685710,33.3,32.75,2021-11-01,SLB,SCHLUMBERGER LTD,5651.0,485.0
80685710,33.2,33.0,2021-11-02,SLB,SCHLUMBERGER LTD,5651.0,485.0
80685710,32.98,32.56,2021-11-03,SLB,SCHLUMBERGER LTD,5651.0,485.0
80685710,33.15,33.62,2021-11-04,SLB,SCHLUMBERGER LTD,5651.0,485.0
80685710,33.51,33.7,2021-11-05,SLB,SCHLUMBERGER LTD,5651.0,485.0
80685710,34.3,33.69,2021-11-08,SLB,SCHLUMBERGER LTD,5651.0,485.0
80685710,34.14,34.21,2021-11-09,SLB,SCHLUMBERGER LTD,5651.0,485.0
80685710,32.73,33.94,2021-11-10,SLB,SCHLUMBERGER LTD,5651.0,485.0
80685710,32.78,32.88,2021-11-11,SLB,SCHLUMBERGER LTD,5651.0,485.0
80685710,32.76,32.48,2021-11-12,SLB,SCHLUMBERGER LTD,5651.0,485.0
80685710,32.72,32.69,2021-11-15,SLB,SCHLUMBERGER LTD,5651.0,485.0
80685710,32.89,32.82,2021-11-16,SLB,SCHLUMBERGER LTD,5651.0,485.0
80685710,32.06,32.51,2021-11-17,SLB,SCHLUMBERGER LTD,5651.0,485.0
80685710,31.86,31.98,2021-11-18,SLB,SCHLUMBERGER LTD,5651.0,485.0
80685710,30.05,31.2,2021-11-19,SLB,SCHLUMBERGER LTD,5651.0,485.0
80685710,30.34,30.01,2021-11-22,SLB,SCHLUMBERGER LTD,5651.0,485.0
80685710,31.18,30.92,2021-11-23,SLB,SCHLUMBERGER LTD,5651.0,485.0
80685710,31.41,30.82,2021-11-24,SLB,SCHLUMBERGER LTD,5651.0,485.0
80685710,29.7,29.25,2021-11-26,SLB,SCHLUMBERGER LTD,5651.0,485.0
80685710,29.65,30.44,2021-11-29,SLB,SCHLUMBERGER LTD,5651.0,485.0
80685710,28.68,28.92,2021-11-30,SLB,SCHLUMBERGER LTD,5651.0,485.0
80685710,28.38,29.58,2021-12-01,SLB,SCHLUMBERGER LTD,5651.0,485.0
80685710,29.32,28.46,2021-12-02,SLB,SCHLUMBERGER LTD,5651.0,485.0
80685710,29.24,29.825,2021-12-03,SLB,SCHLUMBERGER LTD,5651.0,485.0
80685710,30.01,29.75,2021-12-06,SLB,SCHLUMBERGER LTD,5651.0,485.0
80685710,30.76,30.5,2021-12-07,SLB,SCHLUMBERGER LTD,5651.0,485.0
80685710,31.06,30.92,2021-12-08,SLB,SCHLUMBERGER LTD,5651.0,485.0
80685710,30.62,30.53,2021-12-09,SLB,SCHLUMBERGER LTD,5651.0,485.0
80685710,30.99,31.09,2021-12-10,SLB,SCHLUMBERGER LTD,5651.0,485.0
80685710,29.83,30.56,2021-12-13,SLB,SCHLUMBERGER LTD,5651.0,485.0
80685710,29.67,29.69,2021-12-14,SLB,SCHLUMBERGER LTD,5651.0,485.0
80685710,29.31,29.59,2021-12-15,SLB,SCHLUMBERGER LTD,5651.0,485.0
80685710,29.7,29.71,2021-12-16,SLB,SCHLUMBERGER LTD,5651.0,485.0
80685710,28.97,29.58,2021-12-17,SLB,SCHLUMBERGER LTD,5651.0,485.0
80685710,28.47,28.1,2021-12-20,SLB,SCHLUMBERGER LTD,5651.0,485.0
80685710,29.45,28.95,2021-12-21,SLB,SCHLUMBERGER LTD,5651.0,485.0
80685710,29.5,29.41,2021-12-22,SLB,SCHLUMBERGER LTD,5651.0,485.0
80685710,29.57,29.5,2021-12-23,SLB,SCHLUMBERGER LTD,5651.0,485.0
80685710,29.84,29.51,2021-12-27,SLB,SCHLUMBERGER LTD,5651.0,485.0
80685710,30.11,29.8,2021-12-28,SLB,SCHLUMBERGER LTD,5651.0,485.0
80685710,29.65,29.95,2021-12-29,SLB,SCHLUMBERGER LTD,5651.0,485.0
80685710,29.82,29.7,2021-12-30,SLB,SCHLUMBERGER LTD,5651.0,485.0
80685710,29.95,29.57,2021-12-31,SLB,SCHLUMBERGER LTD,5651.0,485.0
80685710,31.72,30.07,2022-01-03,SLB,SCHLUMBERGER LTD,5651.0,485.0
80685710,33.26,32.14,2022-01-04,SLB,SCHLUMBERGER LTD,5651.0,485.0
80685710,33.26,33.615,2022-01-05,SLB,SCHLUMBERGER LTD,5651.0,485.0
80685710,34.05,34.37,2022-01-06,SLB,SCHLUMBERGER LTD,5651.0,485.0
80685710,35.03,34.015,2022-01-07,SLB,SCHLUMBERGER LTD,5651.0,485.0
80685710,35.12,34.97,2022-01-10,SLB,SCHLUMBERGER LTD,5651.0,485.0
80685710,36.48,35.4,2022-01-11,SLB,SCHLUMBERGER LTD,5651.0,485.0
80685710,36.45,36.52,2022-01-12,SLB,SCHLUMBERGER LTD,5651.0,485.0
80685710,36.17,36.47,2022-01-13,SLB,SCHLUMBERGER LTD,5651.0,485.0
80685710,37.81,36.23,2022-01-14,SLB,SCHLUMBERGER LTD,5651.0,485.0
80685710,37.54,38.11,2022-01-18,SLB,SCHLUMBERGER LTD,5651.0,485.0
80685710,37.1,37.83,2022-01-19,SLB,SCHLUMBERGER LTD,5651.0,485.0
80685710,37.05,36.67,2022-01-20,SLB,SCHLUMBERGER LTD,5651.0,485.0
80685710,36.36,37.55,2022-01-21,SLB,SCHLUMBERGER LTD,5651.0,485.0
80685710,36.6,35.29,2022-01-24,SLB,SCHLUMBERGER LTD,5651.0,485.0
80685710,38.79,36.51,2022-01-25,SLB,SCHLUMBERGER LTD,5651.0,485.0
80685710,39.8,39.06,2022-01-26,SLB,SCHLUMBERGER LTD,5651.0,485.0
80685710,38.86,40.255,2022-01-27,SLB,SCHLUMBERGER LTD,5651.0,485.0
80685710,39.68,38.92,2022-01-28,SLB,SCHLUMBERGER LTD,5651.0,485.0
80685710,39.07,39.23,2022-01-31,SLB,SCHLUMBERGER LTD,5651.0,485.0
80685710,39.52,38.77,2022-02-01,SLB,SCHLUMBERGER LTD,5651.0,485.0
80685710,39.25,39.57,2022-02-02,SLB,SCHLUMBERGER LTD,5651.0,485.0
80685710,38.58,39.43,2022-02-03,SLB,SCHLUMBERGER LTD,5651.0,485.0
80685710,38.51,39.02,2022-02-04,SLB,SCHLUMBERGER LTD,5651.0,485.0
80685710,40.27,38.24,2022-02-07,SLB,SCHLUMBERGER LTD,5651.0,485.0
80685710,38.9,40.05,2022-02-08,SLB,SCHLUMBERGER LTD,5651.0,485.0
80685710,39.4,39.01,2022-02-09,SLB,SCHLUMBERGER LTD,5651.0,485.0
80685710,39.17,39.18,2022-02-10,SLB,SCHLUMBERGER LTD,5651.0,485.0
80685710,40.62,39.41,2022-02-11,SLB,SCHLUMBERGER LTD,5651.0,485.0
80685710,39.3,40.4,2022-02-14,SLB,SCHLUMBERGER LTD,5651.0,485.0
80685710,40.09,38.44,2022-02-15,SLB,SCHLUMBERGER LTD,5651.0,485.0
80685710,41.69,40.67,2022-02-16,SLB,SCHLUMBERGER LTD,5651.0,485.0
80685710,41.11,41.09,2022-02-17,SLB,SCHLUMBERGER LTD,5651.0,485.0
80685710,40.21,40.49,2022-02-18,SLB,SCHLUMBERGER LTD,5651.0,485.0
80685710,39.55,41.43,2022-02-22,SLB,SCHLUMBERGER LTD,5651.0,485.0
80685710,39.74,39.8,2022-02-23,SLB,SCHLUMBERGER LTD,5651.0,485.0
80685710,38.32,39.74,2022-02-24,SLB,SCHLUMBERGER LTD,5651.0,485.0
80685710,39.45,38.44,2022-02-25,SLB,SCHLUMBERGER LTD,5651.0,485.0
80685710,39.24,38.88,2022-02-28,SLB,SCHLUMBERGER LTD,5651.0,485.0
80685710,37.67,39.64,2022-03-01,SLB,SCHLUMBERGER LTD,5651.0,485.0
80685710,39.24,38.57,2022-03-02,SLB,SCHLUMBERGER LTD,5651.0,485.0
80685710,38.52,38.63,2022-03-03,SLB,SCHLUMBERGER LTD,5651.0,485.0
80685710,38.94,38.15,2022-03-04,SLB,SCHLUMBERGER LTD,5651.0,485.0
80685710,42.1,39.495,2022-03-07,SLB,SCHLUMBERGER LTD,5651.0,485.0
80685710,45.08,43.05,2022-03-08,SLB,SCHLUMBERGER LTD,5651.0,485.0
80685710,42.56,43.39,2022-03-09,SLB,SCHLUMBERGER LTD,5651.0,485.0
80685710,43.4,43.1,2022-03-10,SLB,SCHLUMBERGER LTD,5651.0,485.0
80685710,42.9,42.68,2022-03-11,SLB,SCHLUMBERGER LTD,5651.0,485.0
80685710,41.55,42.065,2022-03-14,SLB,SCHLUMBERGER LTD,5651.0,485.0
80685710,39.26,39.82,2022-03-15,SLB,SCHLUMBERGER LTD,5651.0,485.0
80685710,37.88,39.37,2022-03-16,SLB,SCHLUMBERGER LTD,5651.0,485.0
80685710,39.51,38.75,2022-03-17,SLB,SCHLUMBERGER LTD,5651.0,485.0
80685710,39.73,39.45,2022-03-18,SLB,SCHLUMBERGER LTD,5651.0,485.0
80685710,41.19,40.67,2022-03-21,SLB,SCHLUMBERGER LTD,5651.0,485.0
80685710,41.2,41.2,2022-03-22,SLB,SCHLUMBERGER LTD,5651.0,485.0
80685710,42.41,42.12,2022-03-23,SLB,SCHLUMBERGER LTD,5651.0,485.0
80685710,42.64,42.49,2022-03-24,SLB,SCHLUMBERGER LTD,5651.0,485.0
80685710,43.68,42.47,2022-03-25,SLB,SCHLUMBERGER LTD,5651.0,485.0
80685710,41.73,42.6,2022-03-28,SLB,SCHLUMBERGER LTD,5651.0,485.0
80685710,42.63,40.49,2022-03-29,SLB,SCHLUMBERGER LTD,5651.0,485.0
80685710,42.21,42.83,2022-03-30,SLB,SCHLUMBERGER LTD,5651.0,485.0
80685710,41.31,41.69,2022-03-31,SLB,SCHLUMBERGER LTD,5651.0,485.0
80685710,41.69,41.2,2022-04-01,SLB,SCHLUMBERGER LTD,5651.0,485.0
80685710,41.55,41.92,2022-04-04,SLB,SCHLUMBERGER LTD,5651.0,485.0
80685710,40.46,41.47,2022-04-05,SLB,SCHLUMBERGER LTD,5651.0,485.0
80685710,40.78,40.97,2022-04-06,SLB,SCHLUMBERGER LTD,5651.0,485.0
80685710,40.97,41.01,2022-04-07,SLB,SCHLUMBERGER LTD,5651.0,485.0
80685710,42.55,41.33,2022-04-08,SLB,SCHLUMBERGER LTD,5651.0,485.0
80685710,41.33,42.64,2022-04-11,SLB,SCHLUMBERGER LTD,5651.0,485.0
80685710,41.53,41.99,2022-04-12,SLB,SCHLUMBERGER LTD,5651.0,485.0
80685710,42.57,42.1,2022-04-13,SLB,SCHLUMBERGER LTD,5651.0,485.0
80685710,43.25,42.36,2022-04-14,SLB,SCHLUMBERGER LTD,5651.0,485.0
80685710,43.68,43.55,2022-04-18,SLB,SCHLUMBERGER LTD,5651.0,485.0
80685710,43.43,43.13,2022-04-19,SLB,SCHLUMBERGER LTD,5651.0,485.0
80685710,42.68,43.57,2022-04-20,SLB,SCHLUMBERGER LTD,5651.0,485.0
80685710,40.65,43.34,2022-04-21,SLB,SCHLUMBERGER LTD,5651.0,485.0
80685710,41.65,39.97,2022-04-22,SLB,SCHLUMBERGER LTD,5651.0,485.0
80685710,38.69,40.0,2022-04-25,SLB,SCHLUMBERGER LTD,5651.0,485.0
80685710,39.54,38.8,2022-04-26,SLB,SCHLUMBERGER LTD,5651.0,485.0
80685710,39.95,40.15,2022-04-27,SLB,SCHLUMBERGER LTD,5651.0,485.0
80685710,40.11,40.36,2022-04-28,SLB,SCHLUMBERGER LTD,5651.0,485.0
80685710,39.01,40.52,2022-04-29,SLB,SCHLUMBERGER LTD,5651.0,485.0
80685710,39.11,38.34,2022-05-02,SLB,SCHLUMBERGER LTD,5651.0,485.0
80685710,40.15,38.99,2022-05-03,SLB,SCHLUMBERGER LTD,5651.0,485.0
80685710,42.6,41.29,2022-05-04,SLB,SCHLUMBERGER LTD,5651.0,485.0
80685710,42.08,43.24,2022-05-05,SLB,SCHLUMBERGER LTD,5651.0,485.0
80685710,43.03,42.58,2022-05-06,SLB,SCHLUMBERGER LTD,5651.0,485.0
80685710,38.04,41.84,2022-05-09,SLB,SCHLUMBERGER LTD,5651.0,485.0
80685710,37.89,38.47,2022-05-10,SLB,SCHLUMBERGER LTD,5651.0,485.0
80685710,38.37,38.42,2022-05-11,SLB,SCHLUMBERGER LTD,5651.0,485.0
80685710,39.03,37.98,2022-05-12,SLB,SCHLUMBERGER LTD,5651.0,485.0
80685710,40.74,39.69,2022-05-13,SLB,SCHLUMBERGER LTD,5651.0,485.0
80685710,42.14,40.86,2022-05-16,SLB,SCHLUMBERGER LTD,5651.0,485.0
80685710,42.95,42.52,2022-05-17,SLB,SCHLUMBERGER LTD,5651.0,485.0
80685710,41.13,43.34,2022-05-18,SLB,SCHLUMBERGER LTD,5651.0,485.0
80685710,40.85,40.04,2022-05-19,SLB,SCHLUMBERGER LTD,5651.0,485.0
80685710,41.12,41.39,2022-05-20,SLB,SCHLUMBERGER LTD,5651.0,485.0
80685710,43.81,41.91,2022-05-23,SLB,SCHLUMBERGER LTD,5651.0,485.0
80685710,43.9,42.97,2022-05-24,SLB,SCHLUMBERGER LTD,5651.0,485.0
80685710,45.05,43.7,2022-05-25,SLB,SCHLUMBERGER LTD,5651.0,485.0
80685710,46.69,45.5,2022-05-26,SLB,SCHLUMBERGER LTD,5651.0,485.0
80685710,48.21,46.26,2022-05-27,SLB,SCHLUMBERGER LTD,5651.0,485.0
80685710,45.96,48.69,2022-05-31,SLB,SCHLUMBERGER LTD,5651.0,485.0
80685710,46.68,47.04,2022-06-01,SLB,SCHLUMBERGER LTD,5651.0,485.0
80685710,46.3,46.71,2022-06-02,SLB,SCHLUMBERGER LTD,5651.0,485.0
80685710,47.47,46.41,2022-06-03,SLB,SCHLUMBERGER LTD,5651.0,485.0
80685710,47.22,47.79,2022-06-06,SLB,SCHLUMBERGER LTD,5651.0,485.0
80685710,48.93,47.0,2022-06-07,SLB,SCHLUMBERGER LTD,5651.0,485.0
80685710,49.57,49.0,2022-06-08,SLB,SCHLUMBERGER LTD,5651.0,485.0
80685710,48.14,48.79,2022-06-09,SLB,SCHLUMBERGER LTD,5651.0,485.0
80685710,47.21,47.17,2022-06-10,SLB,SCHLUMBERGER LTD,5651.0,485.0
80685710,44.32,45.32,2022-06-13,SLB,SCHLUMBERGER LTD,5651.0,485.0
80685710,43.22,45.04,2022-06-14,SLB,SCHLUMBERGER LTD,5651.0,485.0
80685710,41.52,43.59,2022-06-15,SLB,SCHLUMBERGER LTD,5651.0,485.0
80685710,38.48,40.53,2022-06-16,SLB,SCHLUMBERGER LTD,5651.0,485.0
80685710,36.64,38.6,2022-06-17,SLB,SCHLUMBERGER LTD,5651.0,485.0
80685710,38.82,37.89,2022-06-21,SLB,SCHLUMBERGER LTD,5651.0,485.0
80685710,37.52,36.47,2022-06-22,SLB,SCHLUMBERGER LTD,5651.0,485.0
80685710,34.98,37.67,2022-06-23,SLB,SCHLUMBERGER LTD,5651.0,485.0
80685710,35.06,35.22,2022-06-24,SLB,SCHLUMBERGER LTD,5651.0,485.0
80685710,35.89,35.78,2022-06-27,SLB,SCHLUMBERGER LTD,5651.0,485.0
80685710,36.97,36.805,2022-06-28,SLB,SCHLUMBERGER LTD,5651.0,485.0
80685710,36.18,37.52,2022-06-29,SLB,SCHLUMBERGER LTD,5651.0,485.0
80685710,35.76,35.36,2022-06-30,SLB,SCHLUMBERGER LTD,5651.0,485.0
80685710,35.65,35.96,2022-07-01,SLB,SCHLUMBERGER LTD,5651.0,485.0
80685710,33.33,34.53,2022-07-05,SLB,SCHLUMBERGER LTD,5651.0,485.0
80685710,32.73,32.89,2022-07-06,SLB,SCHLUMBERGER LTD,5651.0,485.0
80685710,34.38,33.94,2022-07-07,SLB,SCHLUMBERGER LTD,5651.0,485.0
80685710,34.32,34.91,2022-07-08,SLB,SCHLUMBERGER LTD,5651.0,485.0
80685710,33.37,33.62,2022-07-11,SLB,SCHLUMBERGER LTD,5651.0,485.0
80685710,32.73,32.17,2022-07-12,SLB,SCHLUMBERGER LTD,5651.0,485.0
80685710,32.29,32.18,2022-07-13,SLB,SCHLUMBERGER LTD,5651.0,485.0
80685710,31.33,31.0,2022-07-14,SLB,SCHLUMBERGER LTD,5651.0,485.0
80685710,32.3,32.06,2022-07-15,SLB,SCHLUMBERGER LTD,5651.0,485.0
80685710,33.13,33.2,2022-07-18,SLB,SCHLUMBERGER LTD,5651.0,485.0
80685710,34.22,33.08,2022-07-19,SLB,SCHLUMBERGER LTD,5651.0,485.0
80685710,34.14,33.55,2022-07-20,SLB,SCHLUMBERGER LTD,5651.0,485.0
80685710,33.63,32.98,2022-07-21,SLB,SCHLUMBERGER LTD,5651.0,485.0
80685710,35.07,35.41,2022-07-22,SLB,SCHLUMBERGER LTD,5651.0,485.0
80685710,36.17,35.65,2022-07-25,SLB,SCHLUMBERGER LTD,5651.0,485.0
80685710,35.6,36.8,2022-07-26,SLB,SCHLUMBERGER LTD,5651.0,485.0
80685710,36.33,36.04,2022-07-27,SLB,SCHLUMBERGER LTD,5651.0,485.0
80685710,35.71,36.64,2022-07-28,SLB,SCHLUMBERGER LTD,5651.0,485.0
80685710,37.03,36.26,2022-07-29,SLB,SCHLUMBERGER LTD,5651.0,485.0
80685710,36.4,36.24,2022-08-01,SLB,SCHLUMBERGER LTD,5651.0,485.0
80685710,36.69,36.5,2022-08-02,SLB,SCHLUMBERGER LTD,5651.0,485.0
80685710,35.54,36.91,2022-08-03,SLB,SCHLUMBERGER LTD,5651.0,485.0
80685710,33.95,35.3,2022-08-04,SLB,SCHLUMBERGER LTD,5651.0,485.0
80685710,34.66,33.51,2022-08-05,SLB,SCHLUMBERGER LTD,5651.0,485.0
80685710,34.65,34.69,2022-08-08,SLB,SCHLUMBERGER LTD,5651.0,485.0
80685710,34.99,35.24,2022-08-09,SLB,SCHLUMBERGER LTD,5651.0,485.0
80685710,34.92,34.99,2022-08-10,SLB,SCHLUMBERGER LTD,5651.0,485.0
80685710,36.89,35.6,2022-08-11,SLB,SCHLUMBERGER LTD,5651.0,485.0
80685710,37.14,36.59,2022-08-12,SLB,SCHLUMBERGER LTD,5651.0,485.0
80685710,35.76,35.74,2022-08-15,SLB,SCHLUMBERGER LTD,5651.0,485.0
80685710,35.58,35.98,2022-08-16,SLB,SCHLUMBERGER LTD,5651.0,485.0
80685710,35.4,35.23,2022-08-17,SLB,SCHLUMBERGER LTD,5651.0,485.0
80685710,37.13,36.04,2022-08-18,SLB,SCHLUMBERGER LTD,5651.0,485.0
80685710,37.12,36.86,2022-08-19,SLB,SCHLUMBERGER LTD,5651.0,485.0
80685710,36.92,36.71,2022-08-22,SLB,SCHLUMBERGER LTD,5651.0,485.0
80685710,39.36,37.71,2022-08-23,SLB,SCHLUMBERGER LTD,5651.0,485.0
80685710,39.91,39.14,2022-08-24,SLB,SCHLUMBERGER LTD,5651.0,485.0
80685710,40.17,40.12,2022-08-25,SLB,SCHLUMBERGER LTD,5651.0,485.0
80685710,39.42,39.92,2022-08-26,SLB,SCHLUMBERGER LTD,5651.0,485.0
80685710,40.38,39.3,2022-08-29,SLB,SCHLUMBERGER LTD,5651.0,485.0
80685710,38.68,39.63,2022-08-30,SLB,SCHLUMBERGER LTD,5651.0,485.0
80685710,38.15,37.77,2022-08-31,SLB,SCHLUMBERGER LTD,5651.0,485.0
80685710,36.85,37.55,2022-09-01,SLB,SCHLUMBERGER LTD,5651.0,485.0
80685710,38.07,38.1,2022-09-02,SLB,SCHLUMBERGER LTD,5651.0,485.0
80685710,37.36,38.235,2022-09-06,SLB,SCHLUMBERGER LTD,5651.0,485.0
80685710,37.06,36.44,2022-09-07,SLB,SCHLUMBERGER LTD,5651.0,485.0
80685710,38.17,37.39,2022-09-08,SLB,SCHLUMBERGER LTD,5651.0,485.0
80685710,39.65,39.05,2022-09-09,SLB,SCHLUMBERGER LTD,5651.0,485.0
80685710,40.15,40.03,2022-09-12,SLB,SCHLUMBERGER LTD,5651.0,485.0
80685710,38.47,39.57,2022-09-13,SLB,SCHLUMBERGER LTD,5651.0,485.0
80685710,40.24,38.98,2022-09-14,SLB,SCHLUMBERGER LTD,5651.0,485.0
80685710,39.63,39.36,2022-09-15,SLB,SCHLUMBERGER LTD,5651.0,485.0
80685710,38.37,39.3,2022-09-16,SLB,SCHLUMBERGER LTD,5651.0,485.0
80685710,38.97,37.17,2022-09-19,SLB,SCHLUMBERGER LTD,5651.0,485.0
80685710,38.5,38.71,2022-09-20,SLB,SCHLUMBERGER LTD,5651.0,485.0
80685710,37.58,39.11,2022-09-21,SLB,SCHLUMBERGER LTD,5651.0,485.0
80685710,38.23,38.1,2022-09-22,SLB,SCHLUMBERGER LTD,5651.0,485.0
80685710,35.0,36.25,2022-09-23,SLB,SCHLUMBERGER LTD,5651.0,485.0
80685710,33.86,34.95,2022-09-26,SLB,SCHLUMBERGER LTD,5651.0,485.0
80685710,33.98,34.6,2022-09-27,SLB,SCHLUMBERGER LTD,5651.0,485.0
80685710,35.44,34.41,2022-09-28,SLB,SCHLUMBERGER LTD,5651.0,485.0
80685710,35.97,35.15,2022-09-29,SLB,SCHLUMBERGER LTD,5651.0,485.0
80685710,35.9,35.47,2022-09-30,SLB,SCHLUMBERGER LTD,5651.0,485.0
80685710,38.3,37.58,2022-10-03,SLB,SCHLUMBERGER LTD,5651.0,485.0
80685710,39.12,39.17,2022-10-04,SLB,SCHLUMBERGER LTD,5651.0,485.0
80685710,41.57,39.13,2022-10-05,SLB,SCHLUMBERGER LTD,5651.0,485.0
80685710,42.49,41.38,2022-10-06,SLB,SCHLUMBERGER LTD,5651.0,485.0
80685710,42.59,42.53,2022-10-07,SLB,SCHLUMBERGER LTD,5651.0,485.0
80685710,42.13,42.33,2022-10-10,SLB,SCHLUMBERGER LTD,5651.0,485.0
80685710,41.76,41.27,2022-10-11,SLB,SCHLUMBERGER LTD,5651.0,485.0
80685710,42.02,41.5,2022-10-12,SLB,SCHLUMBERGER LTD,5651.0,485.0
80685710,44.19,41.81,2022-10-13,SLB,SCHLUMBERGER LTD,5651.0,485.0
80685710,42.16,43.54,2022-10-14,SLB,SCHLUMBERGER LTD,5651.0,485.0
80685710,42.86,43.0,2022-10-17,SLB,SCHLUMBERGER LTD,5651.0,485.0
80685710,43.36,43.42,2022-10-18,SLB,SCHLUMBERGER LTD,5651.0,485.0
80685710,45.47,44.0,2022-10-19,SLB,SCHLUMBERGER LTD,5651.0,485.0
80685710,45.69,46.0,2022-10-20,SLB,SCHLUMBERGER LTD,5651.0,485.0
80685710,50.41,46.97,2022-10-21,SLB,SCHLUMBERGER LTD,5651.0,485.0
80685710,52.15,50.06,2022-10-24,SLB,SCHLUMBERGER LTD,5651.0,485.0
80685710,52.47,51.89,2022-10-25,SLB,SCHLUMBERGER LTD,5651.0,485.0
80685710,52.18,52.93,2022-10-26,SLB,SCHLUMBERGER LTD,5651.0,485.0
80685710,51.68,53.0,2022-10-27,SLB,SCHLUMBERGER LTD,5651.0,485.0
80685710,50.45,51.04,2022-10-28,SLB,SCHLUMBERGER LTD,5651.0,485.0
80685710,52.03,50.01,2022-10-31,SLB,SCHLUMBERGER LTD,5651.0,485.0
80685710,51.55,52.7,2022-11-01,SLB,SCHLUMBERGER LTD,5651.0,485.0
80685710,51.14,51.27,2022-11-02,SLB,SCHLUMBERGER LTD,5651.0,485.0
80685710,51.8,50.61,2022-11-03,SLB,SCHLUMBERGER LTD,5651.0,485.0
80685710,53.1,53.35,2022-11-04,SLB,SCHLUMBERGER LTD,5651.0,485.0
80685710,54.81,53.0,2022-11-07,SLB,SCHLUMBERGER LTD,5651.0,485.0
80685710,54.69,54.81,2022-11-08,SLB,SCHLUMBERGER LTD,5651.0,485.0
80685710,53.07,54.09,2022-11-09,SLB,SCHLUMBERGER LTD,5651.0,485.0
80685710,53.1,53.79,2022-11-10,SLB,SCHLUMBERGER LTD,5651.0,485.0
80685710,54.82,54.19,2022-11-11,SLB,SCHLUMBERGER LTD,5651.0,485.0
80685710,54.07,54.62,2022-11-14,SLB,SCHLUMBERGER LTD,5651.0,485.0
80685710,54.67,54.45,2022-11-15,SLB,SCHLUMBERGER LTD,5651.0,485.0
80685710,52.99,54.15,2022-11-16,SLB,SCHLUMBERGER LTD,5651.0,485.0
80685710,52.83,52.0,2022-11-17,SLB,SCHLUMBERGER LTD,5651.0,485.0
80685710,53.44,51.85,2022-11-18,SLB,SCHLUMBERGER LTD,5651.0,485.0
80685710,52.27,51.24,2022-11-21,SLB,SCHLUMBERGER LTD,5651.0,485.0
80685710,53.64,53.02,2022-11-22,SLB,SCHLUMBERGER LTD,5651.0,485.0
80685710,51.42,52.45,2022-11-23,SLB,SCHLUMBERGER LTD,5651.0,485.0
80685710,50.83,51.14,2022-11-25,SLB,SCHLUMBERGER LTD,5651.0,485.0
80685710,49.88,49.51,2022-11-28,SLB,SCHLUMBERGER LTD,5651.0,485.0
80685710,51.05,50.6,2022-11-29,SLB,SCHLUMBERGER LTD,5651.0,485.0
80685710,51.55,51.58,2022-11-30,SLB,SCHLUMBERGER LTD,5651.0,485.0
80685710,51.76,52.32,2022-12-01,SLB,SCHLUMBERGER LTD,5651.0,485.0
80685710,52.79,51.5,2022-12-02,SLB,SCHLUMBERGER LTD,5651.0,485.0
80685710,51.38,53.53,2022-12-05,SLB,SCHLUMBERGER LTD,5651.0,485.0
80685710,50.88,50.94,2022-12-06,SLB,SCHLUMBERGER LTD,5651.0,485.0
80685710,49.8,50.98,2022-12-07,SLB,SCHLUMBERGER LTD,5651.0,485.0
80685710,49.92,50.91,2022-12-08,SLB,SCHLUMBERGER LTD,5651.0,485.0
80685710,46.97,49.92,2022-12-09,SLB,SCHLUMBERGER LTD,5651.0,485.0
80685710,49.1,47.06,2022-12-12,SLB,SCHLUMBERGER LTD,5651.0,485.0
80685710,51.05,50.25,2022-12-13,SLB,SCHLUMBERGER LTD,5651.0,485.0
80685710,50.43,51.33,2022-12-14,SLB,SCHLUMBERGER LTD,5651.0,485.0
80685710,50.11,50.12,2022-12-15,SLB,SCHLUMBERGER LTD,5651.0,485.0
80685710,49.38,48.95,2022-12-16,SLB,SCHLUMBERGER LTD,5651.0,485.0
80685710,49.83,49.96,2022-12-19,SLB,SCHLUMBERGER LTD,5651.0,485.0
80685710,51.76,49.95,2022-12-20,SLB,SCHLUMBERGER LTD,5651.0,485.0
80685710,53.31,52.85,2022-12-21,SLB,SCHLUMBERGER LTD,5651.0,485.0
80685710,51.39,53.32,2022-12-22,SLB,SCHLUMBERGER LTD,5651.0,485.0
80685710,52.99,52.2,2022-12-23,SLB,SCHLUMBERGER LTD,5651.0,485.0
80685710,53.5,53.34,2022-12-27,SLB,SCHLUMBERGER LTD,5651.0,485.0
80685710,52.6,53.37,2022-12-28,SLB,SCHLUMBERGER LTD,5651.0,485.0
80685710,52.91,52.41,2022-12-29,SLB,SCHLUMBERGER LTD,5651.0,485.0
80685710,53.46,52.52,2022-12-30,SLB,SCHLUMBERGER LTD,5651.0,485.0
80685710,51.5,52.86,2023-01-03,SLB,SCHLUMBERGER LTD,5651.0,485.0
80685710,51.7,50.46,2023-01-04,SLB,SCHLUMBERGER LTD,5651.0,485.0
80685710,52.67,51.66,2023-01-05,SLB,SCHLUMBERGER LTD,5651.0,485.0
80685710,54.5,53.45,2023-01-06,SLB,SCHLUMBERGER LTD,5651.0,485.0
80685710,55.64,55.28,2023-01-09,SLB,SCHLUMBERGER LTD,5651.0,485.0
80685710,55.96,55.6,2023-01-10,SLB,SCHLUMBERGER LTD,5651.0,485.0
80685710,56.32,55.95,2023-01-11,SLB,SCHLUMBERGER LTD,5651.0,485.0
80685710,58.0,56.23,2023-01-12,SLB,SCHLUMBERGER LTD,5651.0,485.0
80685710,58.28,57.99,2023-01-13,SLB,SCHLUMBERGER LTD,5651.0,485.0
80685710,58.46,58.15,2023-01-17,SLB,SCHLUMBERGER LTD,5651.0,485.0
80685710,57.13,58.94,2023-01-18,SLB,SCHLUMBERGER LTD,5651.0,485.0
80685710,57.38,56.29,2023-01-19,SLB,SCHLUMBERGER LTD,5651.0,485.0
80685710,57.35,57.49,2023-01-20,SLB,SCHLUMBERGER LTD,5651.0,485.0
80685710,55.86,57.5,2023-01-23,SLB,SCHLUMBERGER LTD,5651.0,485.0
80685710,55.47,54.07,2023-01-24,SLB,SCHLUMBERGER LTD,5651.0,485.0
80685710,56.25,55.15,2023-01-25,SLB,SCHLUMBERGER LTD,5651.0,485.0
80685710,57.47,56.62,2023-01-26,SLB,SCHLUMBERGER LTD,5651.0,485.0
80685710,56.97,57.32,2023-01-27,SLB,SCHLUMBERGER LTD,5651.0,485.0
80685710,56.34,56.625,2023-01-30,SLB,SCHLUMBERGER LTD,5651.0,485.0
80685710,56.98,56.28,2023-01-31,SLB,SCHLUMBERGER LTD,5651.0,485.0
80685710,55.7,56.91,2023-02-01,SLB,SCHLUMBERGER LTD,5651.0,485.0
80685710,52.29,55.255,2023-02-02,SLB,SCHLUMBERGER LTD,5651.0,485.0
80685710,52.64,52.82,2023-02-03,SLB,SCHLUMBERGER LTD,5651.0,485.0
80685710,53.09,52.8,2023-02-06,SLB,SCHLUMBERGER LTD,5651.0,485.0
80685710,53.89,53.44,2023-02-07,SLB,SCHLUMBERGER LTD,5651.0,485.0
80685710,54.71,54.0,2023-02-08,SLB,SCHLUMBERGER LTD,5651.0,485.0
80685710,53.84,54.455,2023-02-09,SLB,SCHLUMBERGER LTD,5651.0,485.0
80685710,56.36,54.77,2023-02-10,SLB,SCHLUMBERGER LTD,5651.0,485.0
80685710,57.31,55.9,2023-02-13,SLB,SCHLUMBERGER LTD,5651.0,485.0
80685710,56.82,56.41,2023-02-14,SLB,SCHLUMBERGER LTD,5651.0,485.0
80685710,55.99,56.15,2023-02-15,SLB,SCHLUMBERGER LTD,5651.0,485.0
80685710,55.78,56.0,2023-02-16,SLB,SCHLUMBERGER LTD,5651.0,485.0
80685710,53.34,55.0,2023-02-17,SLB,SCHLUMBERGER LTD,5651.0,485.0
80685710,53.4,53.3,2023-02-21,SLB,SCHLUMBERGER LTD,5651.0,485.0
80685710,52.41,53.16,2023-02-22,SLB,SCHLUMBERGER LTD,5651.0,485.0
80685710,53.32,53.58,2023-02-23,SLB,SCHLUMBERGER LTD,5651.0,485.0
80685710,53.92,52.8,2023-02-24,SLB,SCHLUMBERGER LTD,5651.0,485.0
80685710,54.4,54.03,2023-02-27,SLB,SCHLUMBERGER LTD,5651.0,485.0
80685710,53.21,54.99,2023-02-28,SLB,SCHLUMBERGER LTD,5651.0,485.0
80685710,54.89,53.25,2023-03-01,SLB,SCHLUMBERGER LTD,5651.0,485.0
80685710,55.3,54.62,2023-03-02,SLB,SCHLUMBERGER LTD,5651.0,485.0
80685710,55.99,54.49,2023-03-03,SLB,SCHLUMBERGER LTD,5651.0,485.0
80685710,55.35,55.47,2023-03-06,SLB,SCHLUMBERGER LTD,5651.0,485.0
80685710,54.04,55.02,2023-03-07,SLB,SCHLUMBERGER LTD,5651.0,485.0
80685710,53.54,53.71,2023-03-08,SLB,SCHLUMBERGER LTD,5651.0,485.0
80685710,52.19,53.9,2023-03-09,SLB,SCHLUMBERGER LTD,5651.0,485.0
80685710,51.0,51.77,2023-03-10,SLB,SCHLUMBERGER LTD,5651.0,485.0
80685710,48.84,49.37,2023-03-13,SLB,SCHLUMBERGER LTD,5651.0,485.0
80685710,49.36,49.25,2023-03-14,SLB,SCHLUMBERGER LTD,5651.0,485.0
80685710,45.32,46.77,2023-03-15,SLB,SCHLUMBERGER LTD,5651.0,485.0
80685710,46.18,44.34,2023-03-16,SLB,SCHLUMBERGER LTD,5651.0,485.0
80685710,44.68,45.945,2023-03-17,SLB,SCHLUMBERGER LTD,5651.0,485.0
80685710,46.22,44.89,2023-03-20,SLB,SCHLUMBERGER LTD,5651.0,485.0
80685710,48.28,47.99,2023-03-21,SLB,SCHLUMBERGER LTD,5651.0,485.0
80685710,47.4,48.55,2023-03-22,SLB,SCHLUMBERGER LTD,5651.0,485.0
80685710,45.48,47.44,2023-03-23,SLB,SCHLUMBERGER LTD,5651.0,485.0
80685710,44.57,44.21,2023-03-24,SLB,SCHLUMBERGER LTD,5651.0,485.0
80685710,46.77,45.615,2023-03-27,SLB,SCHLUMBERGER LTD,5651.0,485.0
80685710,47.64,46.77,2023-03-28,SLB,SCHLUMBERGER LTD,5651.0,485.0
80685710,48.7,48.25,2023-03-29,SLB,SCHLUMBERGER LTD,5651.0,485.0
80685710,48.74,49.39,2023-03-30,SLB,SCHLUMBERGER LTD,5651.0,485.0
80685710,49.1,48.85,2023-03-31,SLB,SCHLUMBERGER LTD,5651.0,485.0
80685710,52.33,52.27,2023-04-03,SLB,SCHLUMBERGER LTD,5651.0,485.0
80685710,50.46,52.36,2023-04-04,SLB,SCHLUMBERGER LTD,5651.0,485.0
80685710,50.7,50.58,2023-04-05,SLB,SCHLUMBERGER LTD,5651.0,485.0
80685710,49.62,50.68,2023-04-06,SLB,SCHLUMBERGER LTD,5651.0,485.0
80685710,50.04,49.81,2023-04-10,SLB,SCHLUMBERGER LTD,5651.0,485.0
80685710,51.14,50.33,2023-04-11,SLB,SCHLUMBERGER LTD,5651.0,485.0
80685710,51.98,51.32,2023-04-12,SLB,SCHLUMBERGER LTD,5651.0,485.0
80685710,51.89,51.94,2023-04-13,SLB,SCHLUMBERGER LTD,5651.0,485.0
80685710,52.48,52.4,2023-04-14,SLB,SCHLUMBERGER LTD,5651.0,485.0
80685710,52.06,52.3,2023-04-17,SLB,SCHLUMBERGER LTD,5651.0,485.0
80685710,52.17,51.72,2023-04-18,SLB,SCHLUMBERGER LTD,5651.0,485.0
80685710,52.63,51.92,2023-04-19,SLB,SCHLUMBERGER LTD,5651.0,485.0
80685710,51.97,51.95,2023-04-20,SLB,SCHLUMBERGER LTD,5651.0,485.0
80685710,49.8,51.74,2023-04-21,SLB,SCHLUMBERGER LTD,5651.0,485.0
80685710,50.22,49.505,2023-04-24,SLB,SCHLUMBERGER LTD,5651.0,485.0
80685710,48.96,49.4,2023-04-25,SLB,SCHLUMBERGER LTD,5651.0,485.0
80685710,47.78,48.845,2023-04-26,SLB,SCHLUMBERGER LTD,5651.0,485.0
80685710,47.96,47.39,2023-04-27,SLB,SCHLUMBERGER LTD,5651.0,485.0
80685710,49.35,47.93,2023-04-28,SLB,SCHLUMBERGER LTD,5651.0,485.0
80685710,49.15,48.84,2023-05-01,SLB,SCHLUMBERGER LTD,5651.0,485.0
80685710,46.18,48.36,2023-05-02,SLB,SCHLUMBERGER LTD,5651.0,485.0
80685710,45.27,45.47,2023-05-03,SLB,SCHLUMBERGER LTD,5651.0,485.0
80685710,45.07,45.44,2023-05-04,SLB,SCHLUMBERGER LTD,5651.0,485.0
80685710,45.75,46.54,2023-05-05,SLB,SCHLUMBERGER LTD,5651.0,485.0
80685710,46.61,46.67,2023-05-08,SLB,SCHLUMBERGER LTD,5651.0,485.0
80685710,47.17,46.37,2023-05-09,SLB,SCHLUMBERGER LTD,5651.0,485.0
80685710,45.86,47.13,2023-05-10,SLB,SCHLUMBERGER LTD,5651.0,485.0
80685710,44.14,45.16,2023-05-11,SLB,SCHLUMBERGER LTD,5651.0,485.0
80685710,44.07,44.54,2023-05-12,SLB,SCHLUMBERGER LTD,5651.0,485.0
80685710,44.6,44.38,2023-05-15,SLB,SCHLUMBERGER LTD,5651.0,485.0
80685710,43.25,44.33,2023-05-16,SLB,SCHLUMBERGER LTD,5651.0,485.0
80685710,44.5,43.84,2023-05-17,SLB,SCHLUMBERGER LTD,5651.0,485.0
80685710,44.85,44.02,2023-05-18,SLB,SCHLUMBERGER LTD,5651.0,485.0
80685710,45.27,45.38,2023-05-19,SLB,SCHLUMBERGER LTD,5651.0,485.0
80685710,46.0,45.27,2023-05-22,SLB,SCHLUMBERGER LTD,5651.0,485.0
80685710,46.06,46.32,2023-05-23,SLB,SCHLUMBERGER LTD,5651.0,485.0
80685710,46.23,45.96,2023-05-24,SLB,SCHLUMBERGER LTD,5651.0,485.0
80685710,45.16,45.3,2023-05-25,SLB,SCHLUMBERGER LTD,5651.0,485.0
80685710,44.48,45.7,2023-05-26,SLB,SCHLUMBERGER LTD,5651.0,485.0
80685710,44.31,43.58,2023-05-30,SLB,SCHLUMBERGER LTD,5651.0,485.0
80685710,42.83,42.77,2023-05-31,SLB,SCHLUMBERGER LTD,5651.0,485.0
80685710,44.98,43.06,2023-06-01,SLB,SCHLUMBERGER LTD,5651.0,485.0
80685710,46.77,46.07,2023-06-02,SLB,SCHLUMBERGER LTD,5651.0,485.0
80685710,46.22,47.61,2023-06-05,SLB,SCHLUMBERGER LTD,5651.0,485.0
80685710,46.95,45.47,2023-06-06,SLB,SCHLUMBERGER LTD,5651.0,485.0
80685710,48.13,47.32,2023-06-07,SLB,SCHLUMBERGER LTD,5651.0,485.0
80685710,47.45,48.25,2023-06-08,SLB,SCHLUMBERGER LTD,5651.0,485.0
80685710,47.53,47.56,2023-06-09,SLB,SCHLUMBERGER LTD,5651.0,485.0
80685710,47.02,46.475,2023-06-12,SLB,SCHLUMBERGER LTD,5651.0,485.0
80685710,47.96,47.89,2023-06-13,SLB,SCHLUMBERGER LTD,5651.0,485.0
80685710,47.27,48.53,2023-06-14,SLB,SCHLUMBERGER LTD,5651.0,485.0
80685710,47.9,47.77,2023-06-15,SLB,SCHLUMBERGER LTD,5651.0,485.0
80685710,47.78,48.11,2023-06-16,SLB,SCHLUMBERGER LTD,5651.0,485.0
80685710,47.26,46.93,2023-06-20,SLB,SCHLUMBERGER LTD,5651.0,485.0
80685710,47.76,47.15,2023-06-21,SLB,SCHLUMBERGER LTD,5651.0,485.0
80685710,46.84,47.5,2023-06-22,SLB,SCHLUMBERGER LTD,5651.0,485.0
80685710,46.59,46.14,2023-06-23,SLB,SCHLUMBERGER LTD,5651.0,485.0
80685710,47.36,46.67,2023-06-26,SLB,SCHLUMBERGER LTD,5651.0,485.0
80685710,48.14,47.9,2023-06-27,SLB,SCHLUMBERGER LTD,5651.0,485.0
80685710,48.59,48.06,2023-06-28,SLB,SCHLUMBERGER LTD,5651.0,485.0
80685710,48.47,48.87,2023-06-29,SLB,SCHLUMBERGER LTD,5651.0,485.0
80685710,49.12,49.0,2023-06-30,SLB,SCHLUMBERGER LTD,5651.0,485.0
80685710,49.47,49.3,2023-07-03,SLB,SCHLUMBERGER LTD,5651.0,485.0
80685710,49.3,49.71,2023-07-05,SLB,SCHLUMBERGER LTD,5651.0,485.0
80685710,49.12,48.91,2023-07-06,SLB,SCHLUMBERGER LTD,5651.0,485.0
80685710,53.35,48.94,2023-07-07,SLB,SCHLUMBERGER LTD,5651.0,485.0
80685710,53.62,52.84,2023-07-10,SLB,SCHLUMBERGER LTD,5651.0,485.0
80685710,56.05,53.94,2023-07-11,SLB,SCHLUMBERGER LTD,5651.0,485.0
80685710,56.68,56.53,2023-07-12,SLB,SCHLUMBERGER LTD,5651.0,485.0
80685710,57.42,57.0,2023-07-13,SLB,SCHLUMBERGER LTD,5651.0,485.0
80685710,57.13,56.83,2023-07-14,SLB,SCHLUMBERGER LTD,5651.0,485.0
80685710,56.51,56.62,2023-07-17,SLB,SCHLUMBERGER LTD,5651.0,485.0
80685710,56.98,56.35,2023-07-18,SLB,SCHLUMBERGER LTD,5651.0,485.0
80685710,57.36,56.31,2023-07-19,SLB,SCHLUMBERGER LTD,5651.0,485.0
80685710,57.26,57.65,2023-07-20,SLB,SCHLUMBERGER LTD,5651.0,485.0
80685710,56.01,55.82,2023-07-21,SLB,SCHLUMBERGER LTD,5651.0,485.0
80685710,57.02,56.22,2023-07-24,SLB,SCHLUMBERGER LTD,5651.0,485.0
80685710,57.88,57.08,2023-07-25,SLB,SCHLUMBERGER LTD,5651.0,485.0
80685710,57.67,57.05,2023-07-26,SLB,SCHLUMBERGER LTD,5651.0,485.0
80685710,57.02,57.97,2023-07-27,SLB,SCHLUMBERGER LTD,5651.0,485.0
80685710,57.15,57.12,2023-07-28,SLB,SCHLUMBERGER LTD,5651.0,485.0
80685710,58.34,57.57,2023-07-31,SLB,SCHLUMBERGER LTD,5651.0,485.0
80685710,57.61,58.02,2023-08-01,SLB,SCHLUMBERGER LTD,5651.0,485.0
80685710,57.47,57.22,2023-08-02,SLB,SCHLUMBERGER LTD,5651.0,485.0
80685710,57.98,57.71,2023-08-03,SLB,SCHLUMBERGER LTD,5651.0,485.0
80685710,57.67,58.24,2023-08-04,SLB,SCHLUMBERGER LTD,5651.0,485.0
80685710,57.97,57.9,2023-08-07,SLB,SCHLUMBERGER LTD,5651.0,485.0
80685710,58.51,56.8,2023-08-08,SLB,SCHLUMBERGER LTD,5651.0,485.0
80685710,59.51,59.0,2023-08-09,SLB,SCHLUMBERGER LTD,5651.0,485.0
80685710,58.92,59.39,2023-08-10,SLB,SCHLUMBERGER LTD,5651.0,485.0
80685710,59.65,58.84,2023-08-11,SLB,SCHLUMBERGER LTD,5651.0,485.0
80685710,59.52,59.45,2023-08-14,SLB,SCHLUMBERGER LTD,5651.0,485.0
80685710,58.33,58.84,2023-08-15,SLB,SCHLUMBERGER LTD,5651.0,485.0
80685710,57.77,58.32,2023-08-16,SLB,SCHLUMBERGER LTD,5651.0,485.0
80685710,57.89,58.76,2023-08-17,SLB,SCHLUMBERGER LTD,5651.0,485.0
80685710,58.03,57.18,2023-08-18,SLB,SCHLUMBERGER LTD,5651.0,485.0
80685710,57.44,58.49,2023-08-21,SLB,SCHLUMBERGER LTD,5651.0,485.0
80685710,56.41,57.36,2023-08-22,SLB,SCHLUMBERGER LTD,5651.0,485.0
80685710,57.89,55.68,2023-08-23,SLB,SCHLUMBERGER LTD,5651.0,485.0
80685710,56.79,57.41,2023-08-24,SLB,SCHLUMBERGER LTD,5651.0,485.0
80685710,56.46,57.19,2023-08-25,SLB,SCHLUMBERGER LTD,5651.0,485.0
80685710,57.83,56.62,2023-08-28,SLB,SCHLUMBERGER LTD,5651.0,485.0
80685710,58.22,57.95,2023-08-29,SLB,SCHLUMBERGER LTD,5651.0,485.0
80685710,59.0,58.74,2023-08-30,SLB,SCHLUMBERGER LTD,5651.0,485.0
80685710,58.96,59.12,2023-08-31,SLB,SCHLUMBERGER LTD,5651.0,485.0
80685710,60.12,59.85,2023-09-01,SLB,SCHLUMBERGER LTD,5651.0,485.0
80685710,60.21,60.2,2023-09-05,SLB,SCHLUMBERGER LTD,5651.0,485.0
80685710,61.0,60.32,2023-09-06,SLB,SCHLUMBERGER LTD,5651.0,485.0
80685710,60.83,60.97,2023-09-07,SLB,SCHLUMBERGER LTD,5651.0,485.0
80685710,60.17,60.62,2023-09-08,SLB,SCHLUMBERGER LTD,5651.0,485.0
80685710,60.77,61.01,2023-09-11,SLB,SCHLUMBERGER LTD,5651.0,485.0
80685710,62.1,61.3,2023-09-12,SLB,SCHLUMBERGER LTD,5651.0,485.0
80685710,60.62,61.93,2023-09-13,SLB,SCHLUMBERGER LTD,5651.0,485.0
80685710,61.6,61.37,2023-09-14,SLB,SCHLUMBERGER LTD,5651.0,485.0
80685710,60.58,61.06,2023-09-15,SLB,SCHLUMBERGER LTD,5651.0,485.0
80685710,61.21,61.0,2023-09-18,SLB,SCHLUMBERGER LTD,5651.0,485.0
80685710,60.43,61.7,2023-09-19,SLB,SCHLUMBERGER LTD,5651.0,485.0
80685710,59.79,60.13,2023-09-20,SLB,SCHLUMBERGER LTD,5651.0,485.0
80685710,58.82,60.1,2023-09-21,SLB,SCHLUMBERGER LTD,5651.0,485.0
80685710,59.04,59.18,2023-09-22,SLB,SCHLUMBERGER LTD,5651.0,485.0
80685710,59.84,58.93,2023-09-25,SLB,SCHLUMBERGER LTD,5651.0,485.0
80685710,59.13,59.15,2023-09-26,SLB,SCHLUMBERGER LTD,5651.0,485.0
80685710,60.8,60.0,2023-09-27,SLB,SCHLUMBERGER LTD,5651.0,485.0
80685710,60.94,60.55,2023-09-28,SLB,SCHLUMBERGER LTD,5651.0,485.0
80685710,58.3,60.75,2023-09-29,SLB,SCHLUMBERGER LTD,5651.0,485.0
80685710,57.94,58.32,2023-10-02,SLB,SCHLUMBERGER LTD,5651.0,485.0
80685710,58.61,57.5,2023-10-03,SLB,SCHLUMBERGER LTD,5651.0,485.0
80685710,55.83,57.74,2023-10-04,SLB,SCHLUMBERGER LTD,5651.0,485.0
80685710,55.4,55.53,2023-10-05,SLB,SCHLUMBERGER LTD,5651.0,485.0
80685710,55.7,55.58,2023-10-06,SLB,SCHLUMBERGER LTD,5651.0,485.0
80685710,58.24,57.27,2023-10-09,SLB,SCHLUMBERGER LTD,5651.0,485.0
80685710,58.62,58.32,2023-10-10,SLB,SCHLUMBERGER LTD,5651.0,485.0
80685710,58.76,58.02,2023-10-11,SLB,SCHLUMBERGER LTD,5651.0,485.0
80685710,58.37,59.48,2023-10-12,SLB,SCHLUMBERGER LTD,5651.0,485.0
80685710,58.96,59.4,2023-10-13,SLB,SCHLUMBERGER LTD,5651.0,485.0
80685710,59.45,59.41,2023-10-16,SLB,SCHLUMBERGER LTD,5651.0,485.0
80685710,60.24,59.27,2023-10-17,SLB,SCHLUMBERGER LTD,5651.0,485.0
80685710,60.59,60.36,2023-10-18,SLB,SCHLUMBERGER LTD,5651.0,485.0
80685710,59.97,60.03,2023-10-19,SLB,SCHLUMBERGER LTD,5651.0,485.0
80685710,58.21,59.22,2023-10-20,SLB,SCHLUMBERGER LTD,5651.0,485.0
80685710,58.84,58.39,2023-10-23,SLB,SCHLUMBERGER LTD,5651.0,485.0
80685710,57.0,58.94,2023-10-24,SLB,SCHLUMBERGER LTD,5651.0,485.0
80685710,56.62,56.88,2023-10-25,SLB,SCHLUMBERGER LTD,5651.0,485.0
80685710,55.87,56.01,2023-10-26,SLB,SCHLUMBERGER LTD,5651.0,485.0
80685710,55.83,56.0,2023-10-27,SLB,SCHLUMBERGER LTD,5651.0,485.0
80685710,56.4,56.32,2023-10-30,SLB,SCHLUMBERGER LTD,5651.0,485.0
80685710,55.66,56.11,2023-10-31,SLB,SCHLUMBERGER LTD,5651.0,485.0
80685710,55.86,56.0,2023-11-01,SLB,SCHLUMBERGER LTD,5651.0,485.0
80685710,57.36,55.88,2023-11-02,SLB,SCHLUMBERGER LTD,5651.0,485.0
80685710,56.87,57.41,2023-11-03,SLB,SCHLUMBERGER LTD,5651.0,485.0
80685710,56.48,57.41,2023-11-06,SLB,SCHLUMBERGER LTD,5651.0,485.0
80685710,53.33,55.35,2023-11-07,SLB,SCHLUMBERGER LTD,5651.0,485.0
80685710,52.93,52.885,2023-11-08,SLB,SCHLUMBERGER LTD,5651.0,485.0
80685710,52.74,53.13,2023-11-09,SLB,SCHLUMBERGER LTD,5651.0,485.0
80685710,53.3,53.27,2023-11-10,SLB,SCHLUMBERGER LTD,5651.0,485.0
80685710,54.0,53.3,2023-11-13,SLB,SCHLUMBERGER LTD,5651.0,485.0
80685710,54.35,54.18,2023-11-14,SLB,SCHLUMBERGER LTD,5651.0,485.0
80685710,53.68,54.32,2023-11-15,SLB,SCHLUMBERGER LTD,5651.0,485.0
80685710,52.11,53.19,2023-11-16,SLB,SCHLUMBERGER LTD,5651.0,485.0
80685710,52.85,52.77,2023-11-17,SLB,SCHLUMBERGER LTD,5651.0,485.0
80685710,52.74,53.44,2023-11-20,SLB,SCHLUMBERGER LTD,5651.0,485.0
80685710,52.72,52.23,2023-11-21,SLB,SCHLUMBERGER LTD,5651.0,485.0
80685710,52.52,51.57,2023-11-22,SLB,SCHLUMBERGER LTD,5651.0,485.0
80685710,52.6,52.74,2023-11-24,SLB,SCHLUMBERGER LTD,5651.0,485.0
80685710,52.55,52.48,2023-11-27,SLB,SCHLUMBERGER LTD,5651.0,485.0
80685710,52.31,52.7,2023-11-28,SLB,SCHLUMBERGER LTD,5651.0,485.0
80685710,51.87,52.7,2023-11-29,SLB,SCHLUMBERGER LTD,5651.0,485.0
80685710,52.04,52.58,2023-11-30,SLB,SCHLUMBERGER LTD,5651.0,485.0
80685710,52.39,51.98,2023-12-01,SLB,SCHLUMBERGER LTD,5651.0,485.0
80685710,52.03,51.98,2023-12-04,SLB,SCHLUMBERGER LTD,5651.0,485.0
80685710,50.61,51.66,2023-12-05,SLB,SCHLUMBERGER LTD,5651.0,485.0
80685710,49.13,50.27,2023-12-06,SLB,SCHLUMBERGER LTD,5651.0,485.0
80685710,48.46,49.39,2023-12-07,SLB,SCHLUMBERGER LTD,5651.0,485.0
80685710,48.8,48.43,2023-12-08,SLB,SCHLUMBERGER LTD,5651.0,485.0
80685710,49.15,49.0,2023-12-11,SLB,SCHLUMBERGER LTD,5651.0,485.0
80685710,49.04,48.49,2023-12-12,SLB,SCHLUMBERGER LTD,5651.0,485.0
80685710,49.19,49.32,2023-12-13,SLB,SCHLUMBERGER LTD,5651.0,485.0
80685710,52.42,49.99,2023-12-14,SLB,SCHLUMBERGER LTD,5651.0,485.0
80685710,52.19,52.08,2023-12-15,SLB,SCHLUMBERGER LTD,5651.0,485.0
80685710,52.28,53.07,2023-12-18,SLB,SCHLUMBERGER LTD,5651.0,485.0
80685710,52.98,52.43,2023-12-19,SLB,SCHLUMBERGER LTD,5651.0,485.0
80685710,52.55,52.75,2023-12-20,SLB,SCHLUMBERGER LTD,5651.0,485.0
80685710,52.58,52.5,2023-12-21,SLB,SCHLUMBERGER LTD,5651.0,485.0
80685710,53.08,52.99,2023-12-22,SLB,SCHLUMBERGER LTD,5651.0,485.0
80685710,53.68,53.86,2023-12-26,SLB,SCHLUMBERGER LTD,5651.0,485.0
80685710,53.03,53.48,2023-12-27,SLB,SCHLUMBERGER LTD,5651.0,485.0
80685710,52.24,52.76,2023-12-28,SLB,SCHLUMBERGER LTD,5651.0,485.0
80685710,52.04,52.25,2023-12-29,SLB,SCHLUMBERGER LTD,5651.0,485.0
