cusip,prc,openprc,date,htick,hcomnam,hsiccd,numshr
03761U50,9.57,9.34,2009-01-02,MFIC,MIDCAP FINANCIAL INVESTMENT CORP,6211.0,190.0
03761U50,9.4,9.0,2009-01-05,MFIC,MIDCAP FINANCIAL INVESTMENT CORP,6211.0,190.0
03761U50,9.76,9.41,2009-01-06,MFIC,MIDCAP FINANCIAL INVESTMENT CORP,6211.0,190.0
03761U50,8.92,9.57,2009-01-07,MFIC,MIDCAP FINANCIAL INVESTMENT CORP,6211.0,190.0
03761U50,9.0,8.66,2009-01-08,MFIC,MIDCAP FINANCIAL INVESTMENT CORP,6211.0,190.0
03761U50,8.58,9.0,2009-01-09,MFIC,MIDCAP FINANCIAL INVESTMENT CORP,6211.0,190.0
03761U50,8.56,8.23,2009-01-12,MFIC,MIDCAP FINANCIAL INVESTMENT CORP,6211.0,190.0
03761U50,8.96,8.5,2009-01-13,MFIC,MIDCAP FINANCIAL INVESTMENT CORP,6211.0,190.0
03761U50,8.11,8.63,2009-01-14,MFIC,MIDCAP FINANCIAL INVESTMENT CORP,6211.0,190.0
03761U50,8.22,8.1,2009-01-15,MFIC,MIDCAP FINANCIAL INVESTMENT CORP,6211.0,190.0
03761U50,8.35,8.3,2009-01-16,MFIC,MIDCAP FINANCIAL INVESTMENT CORP,6211.0,190.0
03761U50,6.87,7.82,2009-01-20,MFIC,MIDCAP FINANCIAL INVESTMENT CORP,6211.0,190.0
03761U50,7.95,7.01,2009-01-21,MFIC,MIDCAP FINANCIAL INVESTMENT CORP,6211.0,190.0
03761U50,7.47,7.69,2009-01-22,MFIC,MIDCAP FINANCIAL INVESTMENT CORP,6211.0,190.0
03761U50,7.71,7.37,2009-01-23,MFIC,MIDCAP FINANCIAL INVESTMENT CORP,6211.0,190.0
03761U50,7.82,7.79,2009-01-26,MFIC,MIDCAP FINANCIAL INVESTMENT CORP,6211.0,190.0
03761U50,7.94,7.93,2009-01-27,MFIC,MIDCAP FINANCIAL INVESTMENT CORP,6211.0,190.0
03761U50,8.07,8.23,2009-01-28,MFIC,MIDCAP FINANCIAL INVESTMENT CORP,6211.0,190.0
03761U50,7.1,7.67,2009-01-29,MFIC,MIDCAP FINANCIAL INVESTMENT CORP,6211.0,190.0
03761U50,6.55,7.35,2009-01-30,MFIC,MIDCAP FINANCIAL INVESTMENT CORP,6211.0,190.0
03761U50,6.52,6.55,2009-02-02,MFIC,MIDCAP FINANCIAL INVESTMENT CORP,6211.0,190.0
03761U50,6.33,6.53,2009-02-03,MFIC,MIDCAP FINANCIAL INVESTMENT CORP,6211.0,190.0
03761U50,5.47,6.27,2009-02-04,MFIC,MIDCAP FINANCIAL INVESTMENT CORP,6211.0,190.0
03761U50,5.93,5.31,2009-02-05,MFIC,MIDCAP FINANCIAL INVESTMENT CORP,6211.0,190.0
03761U50,5.71,5.41,2009-02-06,MFIC,MIDCAP FINANCIAL INVESTMENT CORP,6211.0,190.0
03761U50,5.75,5.42,2009-02-09,MFIC,MIDCAP FINANCIAL INVESTMENT CORP,6211.0,190.0
03761U50,5.51,5.66,2009-02-10,MFIC,MIDCAP FINANCIAL INVESTMENT CORP,6211.0,190.0
03761U50,5.35,5.52,2009-02-11,MFIC,MIDCAP FINANCIAL INVESTMENT CORP,6211.0,190.0
03761U50,5.08,5.27,2009-02-12,MFIC,MIDCAP FINANCIAL INVESTMENT CORP,6211.0,190.0
03761U50,4.95,4.99,2009-02-13,MFIC,MIDCAP FINANCIAL INVESTMENT CORP,6211.0,190.0
03761U50,4.58,4.81,2009-02-17,MFIC,MIDCAP FINANCIAL INVESTMENT CORP,6211.0,190.0
03761U50,4.34,4.43,2009-02-18,MFIC,MIDCAP FINANCIAL INVESTMENT CORP,6211.0,190.0
03761U50,4.42,4.41,2009-02-19,MFIC,MIDCAP FINANCIAL INVESTMENT CORP,6211.0,190.0
03761U50,4.36,4.26,2009-02-20,MFIC,MIDCAP FINANCIAL INVESTMENT CORP,6211.0,190.0
03761U50,4.28,4.31,2009-02-23,MFIC,MIDCAP FINANCIAL INVESTMENT CORP,6211.0,190.0
03761U50,4.51,4.3,2009-02-24,MFIC,MIDCAP FINANCIAL INVESTMENT CORP,6211.0,190.0
03761U50,4.17,4.44,2009-02-25,MFIC,MIDCAP FINANCIAL INVESTMENT CORP,6211.0,190.0
03761U50,4.39,4.08,2009-02-26,MFIC,MIDCAP FINANCIAL INVESTMENT CORP,6211.0,190.0
03761U50,4.13,4.23,2009-02-27,MFIC,MIDCAP FINANCIAL INVESTMENT CORP,6211.0,190.0
03761U50,3.73,4.02,2009-03-02,MFIC,MIDCAP FINANCIAL INVESTMENT CORP,6211.0,190.0
03761U50,3.53,3.77,2009-03-03,MFIC,MIDCAP FINANCIAL INVESTMENT CORP,6211.0,190.0
03761U50,3.57,3.61,2009-03-04,MFIC,MIDCAP FINANCIAL INVESTMENT CORP,6211.0,190.0
03761U50,2.8,3.69,2009-03-05,MFIC,MIDCAP FINANCIAL INVESTMENT CORP,6211.0,190.0
03761U50,2.71,2.84,2009-03-06,MFIC,MIDCAP FINANCIAL INVESTMENT CORP,6211.0,190.0
03761U50,2.48,2.7,2009-03-09,MFIC,MIDCAP FINANCIAL INVESTMENT CORP,6211.0,190.0
03761U50,2.36,2.5,2009-03-10,MFIC,MIDCAP FINANCIAL INVESTMENT CORP,6211.0,190.0
03761U50,2.3,2.6,2009-03-11,MFIC,MIDCAP FINANCIAL INVESTMENT CORP,6211.0,190.0
03761U50,2.41,2.3,2009-03-12,MFIC,MIDCAP FINANCIAL INVESTMENT CORP,6211.0,190.0
03761U50,2.32,2.53,2009-03-13,MFIC,MIDCAP FINANCIAL INVESTMENT CORP,6211.0,190.0
03761U50,2.4,2.65,2009-03-16,MFIC,MIDCAP FINANCIAL INVESTMENT CORP,6211.0,190.0
03761U50,2.1,2.39,2009-03-17,MFIC,MIDCAP FINANCIAL INVESTMENT CORP,6211.0,190.0
03761U50,2.16,2.13,2009-03-18,MFIC,MIDCAP FINANCIAL INVESTMENT CORP,6211.0,190.0
03761U50,2.1,2.2,2009-03-19,MFIC,MIDCAP FINANCIAL INVESTMENT CORP,6211.0,190.0
03761U50,2.05,2.14,2009-03-20,MFIC,MIDCAP FINANCIAL INVESTMENT CORP,6211.0,190.0
03761U50,2.39,2.2,2009-03-23,MFIC,MIDCAP FINANCIAL INVESTMENT CORP,6211.0,190.0
03761U50,2.48,2.39,2009-03-24,MFIC,MIDCAP FINANCIAL INVESTMENT CORP,6211.0,190.0
03761U50,2.22,2.65,2009-03-25,MFIC,MIDCAP FINANCIAL INVESTMENT CORP,6211.0,190.0
03761U50,2.7,2.38,2009-03-26,MFIC,MIDCAP FINANCIAL INVESTMENT CORP,6211.0,190.0
03761U50,3.32,2.8,2009-03-27,MFIC,MIDCAP FINANCIAL INVESTMENT CORP,6211.0,190.0
03761U50,3.21,3.23,2009-03-30,MFIC,MIDCAP FINANCIAL INVESTMENT CORP,6211.0,190.0
03761U50,3.48,3.31,2009-03-31,MFIC,MIDCAP FINANCIAL INVESTMENT CORP,6211.0,190.0
03761U50,4.03,3.36,2009-04-01,MFIC,MIDCAP FINANCIAL INVESTMENT CORP,6211.0,190.0
03761U50,4.82,4.44,2009-04-02,MFIC,MIDCAP FINANCIAL INVESTMENT CORP,6211.0,190.0
03761U50,4.65,4.9,2009-04-03,MFIC,MIDCAP FINANCIAL INVESTMENT CORP,6211.0,190.0
03761U50,4.3,4.83,2009-04-06,MFIC,MIDCAP FINANCIAL INVESTMENT CORP,6211.0,190.0
03761U50,3.97,4.45,2009-04-07,MFIC,MIDCAP FINANCIAL INVESTMENT CORP,6211.0,190.0
03761U50,4.02,4.29,2009-04-08,MFIC,MIDCAP FINANCIAL INVESTMENT CORP,6211.0,190.0
03761U50,4.52,4.23,2009-04-09,MFIC,MIDCAP FINANCIAL INVESTMENT CORP,6211.0,190.0
03761U50,4.83,4.5,2009-04-13,MFIC,MIDCAP FINANCIAL INVESTMENT CORP,6211.0,190.0
03761U50,4.67,4.75,2009-04-14,MFIC,MIDCAP FINANCIAL INVESTMENT CORP,6211.0,190.0
03761U50,4.91,4.7,2009-04-15,MFIC,MIDCAP FINANCIAL INVESTMENT CORP,6211.0,190.0
03761U50,5.25,4.99,2009-04-16,MFIC,MIDCAP FINANCIAL INVESTMENT CORP,6211.0,190.0
03761U50,5.2,5.33,2009-04-17,MFIC,MIDCAP FINANCIAL INVESTMENT CORP,6211.0,190.0
03761U50,4.6,5.03,2009-04-20,MFIC,MIDCAP FINANCIAL INVESTMENT CORP,6211.0,190.0
03761U50,4.77,4.55,2009-04-21,MFIC,MIDCAP FINANCIAL INVESTMENT CORP,6211.0,190.0
03761U50,4.66,4.67,2009-04-22,MFIC,MIDCAP FINANCIAL INVESTMENT CORP,6211.0,190.0
03761U50,4.7,4.68,2009-04-23,MFIC,MIDCAP FINANCIAL INVESTMENT CORP,6211.0,190.0
03761U50,4.96,4.73,2009-04-24,MFIC,MIDCAP FINANCIAL INVESTMENT CORP,6211.0,190.0
03761U50,4.73,4.85,2009-04-27,MFIC,MIDCAP FINANCIAL INVESTMENT CORP,6211.0,190.0
03761U50,4.6,4.67,2009-04-28,MFIC,MIDCAP FINANCIAL INVESTMENT CORP,6211.0,190.0
03761U50,4.99,4.63,2009-04-29,MFIC,MIDCAP FINANCIAL INVESTMENT CORP,6211.0,190.0
03761U50,4.8,5.03,2009-04-30,MFIC,MIDCAP FINANCIAL INVESTMENT CORP,6211.0,190.0
03761U50,5.12,4.8,2009-05-01,MFIC,MIDCAP FINANCIAL INVESTMENT CORP,6211.0,190.0
03761U50,5.99,5.25,2009-05-04,MFIC,MIDCAP FINANCIAL INVESTMENT CORP,6211.0,190.0
03761U50,6.11,5.82,2009-05-05,MFIC,MIDCAP FINANCIAL INVESTMENT CORP,6211.0,190.0
03761U50,6.41,6.25,2009-05-06,MFIC,MIDCAP FINANCIAL INVESTMENT CORP,6211.0,190.0
03761U50,5.93,6.6,2009-05-07,MFIC,MIDCAP FINANCIAL INVESTMENT CORP,6211.0,190.0
03761U50,6.7,6.13,2009-05-08,MFIC,MIDCAP FINANCIAL INVESTMENT CORP,6211.0,190.0
03761U50,7.02,7.15,2009-05-11,MFIC,MIDCAP FINANCIAL INVESTMENT CORP,6211.0,190.0
03761U50,7.0,7.25,2009-05-12,MFIC,MIDCAP FINANCIAL INVESTMENT CORP,6211.0,190.0
03761U50,5.88,6.55,2009-05-13,MFIC,MIDCAP FINANCIAL INVESTMENT CORP,6211.0,190.0
03761U50,6.13,5.99,2009-05-14,MFIC,MIDCAP FINANCIAL INVESTMENT CORP,6211.0,190.0
03761U50,5.78,6.0,2009-05-15,MFIC,MIDCAP FINANCIAL INVESTMENT CORP,6211.0,190.0
03761U50,6.17,5.85,2009-05-18,MFIC,MIDCAP FINANCIAL INVESTMENT CORP,6211.0,190.0
03761U50,5.95,6.16,2009-05-19,MFIC,MIDCAP FINANCIAL INVESTMENT CORP,6211.0,190.0
03761U50,5.89,6.0,2009-05-20,MFIC,MIDCAP FINANCIAL INVESTMENT CORP,6211.0,190.0
03761U50,5.83,5.81,2009-05-21,MFIC,MIDCAP FINANCIAL INVESTMENT CORP,6211.0,190.0
03761U50,5.76,5.86,2009-05-22,MFIC,MIDCAP FINANCIAL INVESTMENT CORP,6211.0,190.0
03761U50,5.89,5.76,2009-05-26,MFIC,MIDCAP FINANCIAL INVESTMENT CORP,6211.0,190.0
03761U50,5.67,5.82,2009-05-27,MFIC,MIDCAP FINANCIAL INVESTMENT CORP,6211.0,190.0
03761U50,5.62,5.71,2009-05-28,MFIC,MIDCAP FINANCIAL INVESTMENT CORP,6211.0,190.0
03761U50,5.51,5.64,2009-05-29,MFIC,MIDCAP FINANCIAL INVESTMENT CORP,6211.0,190.0
03761U50,5.99,5.64,2009-06-01,MFIC,MIDCAP FINANCIAL INVESTMENT CORP,6211.0,190.0
03761U50,6.31,5.94,2009-06-02,MFIC,MIDCAP FINANCIAL INVESTMENT CORP,6211.0,190.0
03761U50,6.5,6.3,2009-06-03,MFIC,MIDCAP FINANCIAL INVESTMENT CORP,6211.0,190.0
03761U50,6.99,6.6,2009-06-04,MFIC,MIDCAP FINANCIAL INVESTMENT CORP,6211.0,190.0
03761U50,6.71,7.15,2009-06-05,MFIC,MIDCAP FINANCIAL INVESTMENT CORP,6211.0,190.0
03761U50,6.61,6.68,2009-06-08,MFIC,MIDCAP FINANCIAL INVESTMENT CORP,6211.0,190.0
03761U50,6.57,6.75,2009-06-09,MFIC,MIDCAP FINANCIAL INVESTMENT CORP,6211.0,190.0
03761U50,6.54,6.61,2009-06-10,MFIC,MIDCAP FINANCIAL INVESTMENT CORP,6211.0,190.0
03761U50,6.78,6.64,2009-06-11,MFIC,MIDCAP FINANCIAL INVESTMENT CORP,6211.0,190.0
03761U50,6.81,6.81,2009-06-12,MFIC,MIDCAP FINANCIAL INVESTMENT CORP,6211.0,190.0
03761U50,6.9,6.77,2009-06-15,MFIC,MIDCAP FINANCIAL INVESTMENT CORP,6211.0,190.0
03761U50,6.3,6.46,2009-06-16,MFIC,MIDCAP FINANCIAL INVESTMENT CORP,6211.0,190.0
03761U50,6.43,6.34,2009-06-17,MFIC,MIDCAP FINANCIAL INVESTMENT CORP,6211.0,190.0
03761U50,6.44,6.42,2009-06-18,MFIC,MIDCAP FINANCIAL INVESTMENT CORP,6211.0,190.0
03761U50,6.43,6.49,2009-06-19,MFIC,MIDCAP FINANCIAL INVESTMENT CORP,6211.0,190.0
03761U50,5.89,6.33,2009-06-22,MFIC,MIDCAP FINANCIAL INVESTMENT CORP,6211.0,190.0
03761U50,5.59,5.97,2009-06-23,MFIC,MIDCAP FINANCIAL INVESTMENT CORP,6211.0,190.0
03761U50,5.77,5.61,2009-06-24,MFIC,MIDCAP FINANCIAL INVESTMENT CORP,6211.0,190.0
03761U50,5.81,5.74,2009-06-25,MFIC,MIDCAP FINANCIAL INVESTMENT CORP,6211.0,190.0
03761U50,5.77,5.91,2009-06-26,MFIC,MIDCAP FINANCIAL INVESTMENT CORP,6211.0,190.0
03761U50,5.93,5.85,2009-06-29,MFIC,MIDCAP FINANCIAL INVESTMENT CORP,6211.0,190.0
03761U50,5.99,5.99,2009-06-30,MFIC,MIDCAP FINANCIAL INVESTMENT CORP,6211.0,190.0
03761U50,6.21,6.08,2009-07-01,MFIC,MIDCAP FINANCIAL INVESTMENT CORP,6211.0,190.0
03761U50,5.91,6.2,2009-07-02,MFIC,MIDCAP FINANCIAL INVESTMENT CORP,6211.0,190.0
03761U50,5.74,5.84,2009-07-06,MFIC,MIDCAP FINANCIAL INVESTMENT CORP,6211.0,190.0
03761U50,5.44,5.75,2009-07-07,MFIC,MIDCAP FINANCIAL INVESTMENT CORP,6211.0,190.0
03761U50,5.22,5.47,2009-07-08,MFIC,MIDCAP FINANCIAL INVESTMENT CORP,6211.0,190.0
03761U50,5.31,5.23,2009-07-09,MFIC,MIDCAP FINANCIAL INVESTMENT CORP,6211.0,190.0
03761U50,5.18,5.28,2009-07-10,MFIC,MIDCAP FINANCIAL INVESTMENT CORP,6211.0,190.0
03761U50,5.38,5.2,2009-07-13,MFIC,MIDCAP FINANCIAL INVESTMENT CORP,6211.0,190.0
03761U50,5.33,5.4,2009-07-14,MFIC,MIDCAP FINANCIAL INVESTMENT CORP,6211.0,190.0
03761U50,5.82,5.45,2009-07-15,MFIC,MIDCAP FINANCIAL INVESTMENT CORP,6211.0,190.0
03761U50,5.63,5.78,2009-07-16,MFIC,MIDCAP FINANCIAL INVESTMENT CORP,6211.0,190.0
03761U50,5.65,5.66,2009-07-17,MFIC,MIDCAP FINANCIAL INVESTMENT CORP,6211.0,190.0
03761U50,5.68,5.74,2009-07-20,MFIC,MIDCAP FINANCIAL INVESTMENT CORP,6211.0,190.0
03761U50,5.85,5.76,2009-07-21,MFIC,MIDCAP FINANCIAL INVESTMENT CORP,6211.0,190.0
03761U50,5.83,5.98,2009-07-22,MFIC,MIDCAP FINANCIAL INVESTMENT CORP,6211.0,190.0
03761U50,6.19,5.8,2009-07-23,MFIC,MIDCAP FINANCIAL INVESTMENT CORP,6211.0,190.0
03761U50,6.23,6.23,2009-07-24,MFIC,MIDCAP FINANCIAL INVESTMENT CORP,6211.0,190.0
03761U50,6.42,6.27,2009-07-27,MFIC,MIDCAP FINANCIAL INVESTMENT CORP,6211.0,190.0
03761U50,6.94,6.41,2009-07-28,MFIC,MIDCAP FINANCIAL INVESTMENT CORP,6211.0,190.0
03761U50,7.06,6.91,2009-07-29,MFIC,MIDCAP FINANCIAL INVESTMENT CORP,6211.0,190.0
03761U50,7.08,7.19,2009-07-30,MFIC,MIDCAP FINANCIAL INVESTMENT CORP,6211.0,190.0
03761U50,7.12,7.02,2009-07-31,MFIC,MIDCAP FINANCIAL INVESTMENT CORP,6211.0,190.0
03761U50,7.3,7.19,2009-08-03,MFIC,MIDCAP FINANCIAL INVESTMENT CORP,6211.0,190.0
03761U50,7.52,7.27,2009-08-04,MFIC,MIDCAP FINANCIAL INVESTMENT CORP,6211.0,190.0
03761U50,7.45,7.53,2009-08-05,MFIC,MIDCAP FINANCIAL INVESTMENT CORP,6211.0,190.0
03761U50,7.7,7.52,2009-08-06,MFIC,MIDCAP FINANCIAL INVESTMENT CORP,6211.0,190.0
03761U50,9.35,8.3,2009-08-07,MFIC,MIDCAP FINANCIAL INVESTMENT CORP,6211.0,190.0
03761U50,9.11,9.36,2009-08-10,MFIC,MIDCAP FINANCIAL INVESTMENT CORP,6211.0,190.0
03761U50,8.74,9.12,2009-08-11,MFIC,MIDCAP FINANCIAL INVESTMENT CORP,6211.0,190.0
03761U50,9.0,8.26,2009-08-12,MFIC,MIDCAP FINANCIAL INVESTMENT CORP,6211.0,190.0
03761U50,9.25,8.77,2009-08-13,MFIC,MIDCAP FINANCIAL INVESTMENT CORP,6211.0,190.0
03761U50,9.09,9.11,2009-08-14,MFIC,MIDCAP FINANCIAL INVESTMENT CORP,6211.0,190.0
03761U50,8.65,8.8,2009-08-17,MFIC,MIDCAP FINANCIAL INVESTMENT CORP,6211.0,190.0
03761U50,8.83,8.8,2009-08-18,MFIC,MIDCAP FINANCIAL INVESTMENT CORP,6211.0,190.0
03761U50,8.79,8.7,2009-08-19,MFIC,MIDCAP FINANCIAL INVESTMENT CORP,6211.0,190.0
03761U50,9.06,8.76,2009-08-20,MFIC,MIDCAP FINANCIAL INVESTMENT CORP,6211.0,190.0
03761U50,9.01,9.45,2009-08-21,MFIC,MIDCAP FINANCIAL INVESTMENT CORP,6211.0,190.0
03761U50,9.07,9.02,2009-08-24,MFIC,MIDCAP FINANCIAL INVESTMENT CORP,6211.0,190.0
03761U50,9.27,9.13,2009-08-25,MFIC,MIDCAP FINANCIAL INVESTMENT CORP,6211.0,190.0
03761U50,9.22,9.26,2009-08-26,MFIC,MIDCAP FINANCIAL INVESTMENT CORP,6211.0,190.0
03761U50,9.41,9.24,2009-08-27,MFIC,MIDCAP FINANCIAL INVESTMENT CORP,6211.0,190.0
03761U50,9.44,9.5,2009-08-28,MFIC,MIDCAP FINANCIAL INVESTMENT CORP,6211.0,190.0
03761U50,9.26,9.27,2009-08-31,MFIC,MIDCAP FINANCIAL INVESTMENT CORP,6211.0,190.0
03761U50,9.04,9.18,2009-09-01,MFIC,MIDCAP FINANCIAL INVESTMENT CORP,6211.0,190.0
03761U50,8.85,9.04,2009-09-02,MFIC,MIDCAP FINANCIAL INVESTMENT CORP,6211.0,190.0
03761U50,9.09,9.01,2009-09-03,MFIC,MIDCAP FINANCIAL INVESTMENT CORP,6211.0,190.0
03761U50,9.19,9.07,2009-09-04,MFIC,MIDCAP FINANCIAL INVESTMENT CORP,6211.0,190.0
03761U50,9.39,9.31,2009-09-08,MFIC,MIDCAP FINANCIAL INVESTMENT CORP,6211.0,190.0
03761U50,9.66,9.3,2009-09-09,MFIC,MIDCAP FINANCIAL INVESTMENT CORP,6211.0,190.0
03761U50,9.6,9.65,2009-09-10,MFIC,MIDCAP FINANCIAL INVESTMENT CORP,6211.0,190.0
03761U50,9.9,9.66,2009-09-11,MFIC,MIDCAP FINANCIAL INVESTMENT CORP,6211.0,190.0
03761U50,10.08,9.88,2009-09-14,MFIC,MIDCAP FINANCIAL INVESTMENT CORP,6211.0,190.0
03761U50,10.06,9.85,2009-09-15,MFIC,MIDCAP FINANCIAL INVESTMENT CORP,6211.0,190.0
03761U50,10.29,10.08,2009-09-16,MFIC,MIDCAP FINANCIAL INVESTMENT CORP,6211.0,190.0
03761U50,10.19,10.3,2009-09-17,MFIC,MIDCAP FINANCIAL INVESTMENT CORP,6211.0,190.0
03761U50,10.31,10.27,2009-09-18,MFIC,MIDCAP FINANCIAL INVESTMENT CORP,6211.0,190.0
03761U50,10.13,10.17,2009-09-21,MFIC,MIDCAP FINANCIAL INVESTMENT CORP,6211.0,190.0
03761U50,10.2,10.34,2009-09-22,MFIC,MIDCAP FINANCIAL INVESTMENT CORP,6211.0,190.0
03761U50,9.96,10.3,2009-09-23,MFIC,MIDCAP FINANCIAL INVESTMENT CORP,6211.0,190.0
03761U50,9.72,10.05,2009-09-24,MFIC,MIDCAP FINANCIAL INVESTMENT CORP,6211.0,190.0
03761U50,9.37,9.62,2009-09-25,MFIC,MIDCAP FINANCIAL INVESTMENT CORP,6211.0,190.0
03761U50,9.89,9.42,2009-09-28,MFIC,MIDCAP FINANCIAL INVESTMENT CORP,6211.0,190.0
03761U50,9.49,9.98,2009-09-29,MFIC,MIDCAP FINANCIAL INVESTMENT CORP,6211.0,190.0
03761U50,9.55,9.51,2009-09-30,MFIC,MIDCAP FINANCIAL INVESTMENT CORP,6211.0,190.0
03761U50,9.17,9.55,2009-10-01,MFIC,MIDCAP FINANCIAL INVESTMENT CORP,6211.0,190.0
03761U50,9.16,9.01,2009-10-02,MFIC,MIDCAP FINANCIAL INVESTMENT CORP,6211.0,190.0
03761U50,9.41,9.19,2009-10-05,MFIC,MIDCAP FINANCIAL INVESTMENT CORP,6211.0,190.0
03761U50,9.65,9.51,2009-10-06,MFIC,MIDCAP FINANCIAL INVESTMENT CORP,6211.0,190.0
03761U50,9.71,9.58,2009-10-07,MFIC,MIDCAP FINANCIAL INVESTMENT CORP,6211.0,190.0
03761U50,9.72,9.82,2009-10-08,MFIC,MIDCAP FINANCIAL INVESTMENT CORP,6211.0,190.0
03761U50,9.54,9.68,2009-10-09,MFIC,MIDCAP FINANCIAL INVESTMENT CORP,6211.0,190.0
03761U50,9.66,9.54,2009-10-12,MFIC,MIDCAP FINANCIAL INVESTMENT CORP,6211.0,190.0
03761U50,9.61,9.66,2009-10-13,MFIC,MIDCAP FINANCIAL INVESTMENT CORP,6211.0,190.0
03761U50,9.89,9.76,2009-10-14,MFIC,MIDCAP FINANCIAL INVESTMENT CORP,6211.0,190.0
03761U50,9.85,9.76,2009-10-15,MFIC,MIDCAP FINANCIAL INVESTMENT CORP,6211.0,190.0
03761U50,9.78,9.77,2009-10-16,MFIC,MIDCAP FINANCIAL INVESTMENT CORP,6211.0,190.0
03761U50,9.77,9.77,2009-10-19,MFIC,MIDCAP FINANCIAL INVESTMENT CORP,6211.0,190.0
03761U50,9.69,9.79,2009-10-20,MFIC,MIDCAP FINANCIAL INVESTMENT CORP,6211.0,190.0
03761U50,9.43,9.69,2009-10-21,MFIC,MIDCAP FINANCIAL INVESTMENT CORP,6211.0,190.0
03761U50,9.7,9.45,2009-10-22,MFIC,MIDCAP FINANCIAL INVESTMENT CORP,6211.0,190.0
03761U50,9.65,9.72,2009-10-23,MFIC,MIDCAP FINANCIAL INVESTMENT CORP,6211.0,190.0
03761U50,9.55,9.63,2009-10-26,MFIC,MIDCAP FINANCIAL INVESTMENT CORP,6211.0,190.0
03761U50,9.48,9.6,2009-10-27,MFIC,MIDCAP FINANCIAL INVESTMENT CORP,6211.0,190.0
03761U50,9.06,9.45,2009-10-28,MFIC,MIDCAP FINANCIAL INVESTMENT CORP,6211.0,190.0
03761U50,9.44,9.18,2009-10-29,MFIC,MIDCAP FINANCIAL INVESTMENT CORP,6211.0,190.0
03761U50,9.0,9.34,2009-10-30,MFIC,MIDCAP FINANCIAL INVESTMENT CORP,6211.0,190.0
03761U50,8.97,9.05,2009-11-02,MFIC,MIDCAP FINANCIAL INVESTMENT CORP,6211.0,190.0
03761U50,8.81,8.91,2009-11-03,MFIC,MIDCAP FINANCIAL INVESTMENT CORP,6211.0,190.0
03761U50,8.86,8.92,2009-11-04,MFIC,MIDCAP FINANCIAL INVESTMENT CORP,6211.0,190.0
03761U50,9.32,9.0,2009-11-05,MFIC,MIDCAP FINANCIAL INVESTMENT CORP,6211.0,190.0
03761U50,9.05,9.32,2009-11-06,MFIC,MIDCAP FINANCIAL INVESTMENT CORP,6211.0,190.0
03761U50,9.1,9.25,2009-11-09,MFIC,MIDCAP FINANCIAL INVESTMENT CORP,6211.0,190.0
03761U50,9.03,9.01,2009-11-10,MFIC,MIDCAP FINANCIAL INVESTMENT CORP,6211.0,190.0
03761U50,9.24,9.15,2009-11-11,MFIC,MIDCAP FINANCIAL INVESTMENT CORP,6211.0,190.0
03761U50,9.08,9.23,2009-11-12,MFIC,MIDCAP FINANCIAL INVESTMENT CORP,6211.0,190.0
03761U50,9.2,9.16,2009-11-13,MFIC,MIDCAP FINANCIAL INVESTMENT CORP,6211.0,190.0
03761U50,9.44,9.28,2009-11-16,MFIC,MIDCAP FINANCIAL INVESTMENT CORP,6211.0,190.0
03761U50,9.6,9.37,2009-11-17,MFIC,MIDCAP FINANCIAL INVESTMENT CORP,6211.0,190.0
03761U50,9.69,9.6,2009-11-18,MFIC,MIDCAP FINANCIAL INVESTMENT CORP,6211.0,190.0
03761U50,9.52,9.59,2009-11-19,MFIC,MIDCAP FINANCIAL INVESTMENT CORP,6211.0,190.0
03761U50,9.33,9.47,2009-11-20,MFIC,MIDCAP FINANCIAL INVESTMENT CORP,6211.0,190.0
03761U50,9.46,9.51,2009-11-23,MFIC,MIDCAP FINANCIAL INVESTMENT CORP,6211.0,190.0
03761U50,9.68,9.49,2009-11-24,MFIC,MIDCAP FINANCIAL INVESTMENT CORP,6211.0,190.0
03761U50,9.61,9.72,2009-11-25,MFIC,MIDCAP FINANCIAL INVESTMENT CORP,6211.0,190.0
03761U50,9.37,9.36,2009-11-27,MFIC,MIDCAP FINANCIAL INVESTMENT CORP,6211.0,190.0
03761U50,9.62,9.41,2009-11-30,MFIC,MIDCAP FINANCIAL INVESTMENT CORP,6211.0,190.0
03761U50,9.58,9.67,2009-12-01,MFIC,MIDCAP FINANCIAL INVESTMENT CORP,6211.0,190.0
03761U50,9.69,9.6,2009-12-02,MFIC,MIDCAP FINANCIAL INVESTMENT CORP,6211.0,190.0
03761U50,9.62,9.72,2009-12-03,MFIC,MIDCAP FINANCIAL INVESTMENT CORP,6211.0,190.0
03761U50,10.12,9.89,2009-12-04,MFIC,MIDCAP FINANCIAL INVESTMENT CORP,6211.0,190.0
03761U50,10.07,10.13,2009-12-07,MFIC,MIDCAP FINANCIAL INVESTMENT CORP,6211.0,190.0
03761U50,10.1,10.01,2009-12-08,MFIC,MIDCAP FINANCIAL INVESTMENT CORP,6211.0,190.0
03761U50,9.82,9.91,2009-12-09,MFIC,MIDCAP FINANCIAL INVESTMENT CORP,6211.0,190.0
03761U50,9.87,9.62,2009-12-10,MFIC,MIDCAP FINANCIAL INVESTMENT CORP,6211.0,190.0
03761U50,9.9,9.87,2009-12-11,MFIC,MIDCAP FINANCIAL INVESTMENT CORP,6211.0,190.0
03761U50,9.99,9.99,2009-12-14,MFIC,MIDCAP FINANCIAL INVESTMENT CORP,6211.0,190.0
03761U50,9.5,9.69,2009-12-15,MFIC,MIDCAP FINANCIAL INVESTMENT CORP,6211.0,190.0
03761U50,9.74,9.6,2009-12-16,MFIC,MIDCAP FINANCIAL INVESTMENT CORP,6211.0,190.0
03761U50,9.51,9.59,2009-12-17,MFIC,MIDCAP FINANCIAL INVESTMENT CORP,6211.0,190.0
03761U50,9.4,9.57,2009-12-18,MFIC,MIDCAP FINANCIAL INVESTMENT CORP,6211.0,190.0
03761U50,9.42,9.41,2009-12-21,MFIC,MIDCAP FINANCIAL INVESTMENT CORP,6211.0,190.0
03761U50,9.62,9.45,2009-12-22,MFIC,MIDCAP FINANCIAL INVESTMENT CORP,6211.0,190.0
03761U50,9.56,9.62,2009-12-23,MFIC,MIDCAP FINANCIAL INVESTMENT CORP,6211.0,190.0
03761U50,9.65,9.57,2009-12-24,MFIC,MIDCAP FINANCIAL INVESTMENT CORP,6211.0,190.0
03761U50,9.55,9.69,2009-12-28,MFIC,MIDCAP FINANCIAL INVESTMENT CORP,6211.0,190.0
03761U50,9.64,9.55,2009-12-29,MFIC,MIDCAP FINANCIAL INVESTMENT CORP,6211.0,190.0
03761U50,9.75,9.67,2009-12-30,MFIC,MIDCAP FINANCIAL INVESTMENT CORP,6211.0,190.0
03761U50,9.54,9.74,2009-12-31,MFIC,MIDCAP FINANCIAL INVESTMENT CORP,6211.0,190.0
03761U50,9.92,9.54,2010-01-04,MFIC,MIDCAP FINANCIAL INVESTMENT CORP,6211.0,190.0
03761U50,10.48,9.96,2010-01-05,MFIC,MIDCAP FINANCIAL INVESTMENT CORP,6211.0,190.0
03761U50,10.65,10.5,2010-01-06,MFIC,MIDCAP FINANCIAL INVESTMENT CORP,6211.0,190.0
03761U50,10.74,10.58,2010-01-07,MFIC,MIDCAP FINANCIAL INVESTMENT CORP,6211.0,190.0
03761U50,10.91,10.68,2010-01-08,MFIC,MIDCAP FINANCIAL INVESTMENT CORP,6211.0,190.0
03761U50,11.12,11.04,2010-01-11,MFIC,MIDCAP FINANCIAL INVESTMENT CORP,6211.0,190.0
03761U50,10.97,11.03,2010-01-12,MFIC,MIDCAP FINANCIAL INVESTMENT CORP,6211.0,190.0
03761U50,11.17,10.99,2010-01-13,MFIC,MIDCAP FINANCIAL INVESTMENT CORP,6211.0,190.0
03761U50,11.25,11.05,2010-01-14,MFIC,MIDCAP FINANCIAL INVESTMENT CORP,6211.0,190.0
03761U50,11.1,11.25,2010-01-15,MFIC,MIDCAP FINANCIAL INVESTMENT CORP,6211.0,190.0
03761U50,11.36,11.12,2010-01-19,MFIC,MIDCAP FINANCIAL INVESTMENT CORP,6211.0,190.0
03761U50,11.32,11.32,2010-01-20,MFIC,MIDCAP FINANCIAL INVESTMENT CORP,6211.0,190.0
03761U50,11.09,11.4,2010-01-21,MFIC,MIDCAP FINANCIAL INVESTMENT CORP,6211.0,190.0
03761U50,10.72,11.06,2010-01-22,MFIC,MIDCAP FINANCIAL INVESTMENT CORP,6211.0,190.0
03761U50,10.74,10.7,2010-01-25,MFIC,MIDCAP FINANCIAL INVESTMENT CORP,6211.0,190.0
03761U50,10.35,10.75,2010-01-26,MFIC,MIDCAP FINANCIAL INVESTMENT CORP,6211.0,190.0
03761U50,10.57,10.35,2010-01-27,MFIC,MIDCAP FINANCIAL INVESTMENT CORP,6211.0,190.0
03761U50,10.33,10.61,2010-01-28,MFIC,MIDCAP FINANCIAL INVESTMENT CORP,6211.0,190.0
03761U50,10.3,10.37,2010-01-29,MFIC,MIDCAP FINANCIAL INVESTMENT CORP,6211.0,190.0
03761U50,10.41,10.39,2010-02-01,MFIC,MIDCAP FINANCIAL INVESTMENT CORP,6211.0,190.0
03761U50,10.5,10.42,2010-02-02,MFIC,MIDCAP FINANCIAL INVESTMENT CORP,6211.0,190.0
03761U50,10.38,10.48,2010-02-03,MFIC,MIDCAP FINANCIAL INVESTMENT CORP,6211.0,190.0
03761U50,9.93,10.33,2010-02-04,MFIC,MIDCAP FINANCIAL INVESTMENT CORP,6211.0,190.0
03761U50,10.06,9.9,2010-02-05,MFIC,MIDCAP FINANCIAL INVESTMENT CORP,6211.0,190.0
03761U50,10.28,10.05,2010-02-08,MFIC,MIDCAP FINANCIAL INVESTMENT CORP,6211.0,190.0
03761U50,9.82,10.41,2010-02-09,MFIC,MIDCAP FINANCIAL INVESTMENT CORP,6211.0,190.0
03761U50,10.38,10.11,2010-02-10,MFIC,MIDCAP FINANCIAL INVESTMENT CORP,6211.0,190.0
03761U50,10.52,10.32,2010-02-11,MFIC,MIDCAP FINANCIAL INVESTMENT CORP,6211.0,190.0
03761U50,10.68,10.37,2010-02-12,MFIC,MIDCAP FINANCIAL INVESTMENT CORP,6211.0,190.0
03761U50,11.09,10.78,2010-02-16,MFIC,MIDCAP FINANCIAL INVESTMENT CORP,6211.0,190.0
03761U50,11.35,11.2,2010-02-17,MFIC,MIDCAP FINANCIAL INVESTMENT CORP,6211.0,190.0
03761U50,11.28,11.34,2010-02-18,MFIC,MIDCAP FINANCIAL INVESTMENT CORP,6211.0,190.0
03761U50,11.33,11.25,2010-02-19,MFIC,MIDCAP FINANCIAL INVESTMENT CORP,6211.0,190.0
03761U50,11.57,11.35,2010-02-22,MFIC,MIDCAP FINANCIAL INVESTMENT CORP,6211.0,190.0
03761U50,11.42,11.51,2010-02-23,MFIC,MIDCAP FINANCIAL INVESTMENT CORP,6211.0,190.0
03761U50,11.56,11.5,2010-02-24,MFIC,MIDCAP FINANCIAL INVESTMENT CORP,6211.0,190.0
03761U50,11.66,11.41,2010-02-25,MFIC,MIDCAP FINANCIAL INVESTMENT CORP,6211.0,190.0
03761U50,11.66,11.72,2010-02-26,MFIC,MIDCAP FINANCIAL INVESTMENT CORP,6211.0,190.0
03761U50,11.93,11.75,2010-03-01,MFIC,MIDCAP FINANCIAL INVESTMENT CORP,6211.0,190.0
03761U50,11.88,12.01,2010-03-02,MFIC,MIDCAP FINANCIAL INVESTMENT CORP,6211.0,190.0
03761U50,11.96,11.95,2010-03-03,MFIC,MIDCAP FINANCIAL INVESTMENT CORP,6211.0,190.0
03761U50,11.95,11.82,2010-03-04,MFIC,MIDCAP FINANCIAL INVESTMENT CORP,6211.0,190.0
03761U50,12.08,12.03,2010-03-05,MFIC,MIDCAP FINANCIAL INVESTMENT CORP,6211.0,190.0
03761U50,12.02,12.09,2010-03-08,MFIC,MIDCAP FINANCIAL INVESTMENT CORP,6211.0,190.0
03761U50,12.01,12.01,2010-03-09,MFIC,MIDCAP FINANCIAL INVESTMENT CORP,6211.0,190.0
03761U50,12.06,12.06,2010-03-10,MFIC,MIDCAP FINANCIAL INVESTMENT CORP,6211.0,190.0
03761U50,12.35,12.04,2010-03-11,MFIC,MIDCAP FINANCIAL INVESTMENT CORP,6211.0,190.0
03761U50,12.51,12.4,2010-03-12,MFIC,MIDCAP FINANCIAL INVESTMENT CORP,6211.0,190.0
03761U50,12.63,12.55,2010-03-15,MFIC,MIDCAP FINANCIAL INVESTMENT CORP,6211.0,190.0
03761U50,12.32,12.35,2010-03-16,MFIC,MIDCAP FINANCIAL INVESTMENT CORP,6211.0,190.0
03761U50,12.42,12.41,2010-03-17,MFIC,MIDCAP FINANCIAL INVESTMENT CORP,6211.0,190.0
03761U50,12.53,12.49,2010-03-18,MFIC,MIDCAP FINANCIAL INVESTMENT CORP,6211.0,190.0
03761U50,12.11,12.61,2010-03-19,MFIC,MIDCAP FINANCIAL INVESTMENT CORP,6211.0,190.0
03761U50,12.265,12.1,2010-03-22,MFIC,MIDCAP FINANCIAL INVESTMENT CORP,6211.0,190.0
03761U50,12.68,12.45,2010-03-23,MFIC,MIDCAP FINANCIAL INVESTMENT CORP,6211.0,190.0
03761U50,12.53,12.6,2010-03-24,MFIC,MIDCAP FINANCIAL INVESTMENT CORP,6211.0,190.0
03761U50,12.36,12.7,2010-03-25,MFIC,MIDCAP FINANCIAL INVESTMENT CORP,6211.0,190.0
03761U50,12.5,12.46,2010-03-26,MFIC,MIDCAP FINANCIAL INVESTMENT CORP,6211.0,190.0
03761U50,12.67,12.62,2010-03-29,MFIC,MIDCAP FINANCIAL INVESTMENT CORP,6211.0,190.0
03761U50,12.67,12.7,2010-03-30,MFIC,MIDCAP FINANCIAL INVESTMENT CORP,6211.0,190.0
03761U50,12.73,12.57,2010-03-31,MFIC,MIDCAP FINANCIAL INVESTMENT CORP,6211.0,190.0
03761U50,12.7,12.8,2010-04-01,MFIC,MIDCAP FINANCIAL INVESTMENT CORP,6211.0,190.0
03761U50,12.98,12.81,2010-04-05,MFIC,MIDCAP FINANCIAL INVESTMENT CORP,6211.0,190.0
03761U50,13.22,12.97,2010-04-06,MFIC,MIDCAP FINANCIAL INVESTMENT CORP,6211.0,190.0
03761U50,12.92,13.21,2010-04-07,MFIC,MIDCAP FINANCIAL INVESTMENT CORP,6211.0,190.0
03761U50,12.93,12.9,2010-04-08,MFIC,MIDCAP FINANCIAL INVESTMENT CORP,6211.0,190.0
03761U50,12.86,12.95,2010-04-09,MFIC,MIDCAP FINANCIAL INVESTMENT CORP,6211.0,190.0
03761U50,13.05,12.85,2010-04-12,MFIC,MIDCAP FINANCIAL INVESTMENT CORP,6211.0,190.0
03761U50,13.17,13.03,2010-04-13,MFIC,MIDCAP FINANCIAL INVESTMENT CORP,6211.0,190.0
03761U50,13.5,13.2,2010-04-14,MFIC,MIDCAP FINANCIAL INVESTMENT CORP,6211.0,190.0
03761U50,13.53,13.42,2010-04-15,MFIC,MIDCAP FINANCIAL INVESTMENT CORP,6211.0,190.0
03761U50,13.31,13.5,2010-04-16,MFIC,MIDCAP FINANCIAL INVESTMENT CORP,6211.0,190.0
03761U50,13.02,13.2,2010-04-19,MFIC,MIDCAP FINANCIAL INVESTMENT CORP,6211.0,190.0
03761U50,13.22,12.93,2010-04-20,MFIC,MIDCAP FINANCIAL INVESTMENT CORP,6211.0,190.0
03761U50,12.73,13.0,2010-04-21,MFIC,MIDCAP FINANCIAL INVESTMENT CORP,6211.0,190.0
03761U50,13.08,12.55,2010-04-22,MFIC,MIDCAP FINANCIAL INVESTMENT CORP,6211.0,190.0
03761U50,13.47,13.1,2010-04-23,MFIC,MIDCAP FINANCIAL INVESTMENT CORP,6211.0,190.0
03761U50,13.57,13.41,2010-04-26,MFIC,MIDCAP FINANCIAL INVESTMENT CORP,6211.0,190.0
03761U50,12.4,12.95,2010-04-27,MFIC,MIDCAP FINANCIAL INVESTMENT CORP,6211.0,190.0
03761U50,12.5,12.215,2010-04-28,MFIC,MIDCAP FINANCIAL INVESTMENT CORP,6211.0,190.0
03761U50,12.49,12.5,2010-04-29,MFIC,MIDCAP FINANCIAL INVESTMENT CORP,6211.0,190.0
03761U50,12.11,12.5,2010-04-30,MFIC,MIDCAP FINANCIAL INVESTMENT CORP,6211.0,190.0
03761U50,12.59,12.23,2010-05-03,MFIC,MIDCAP FINANCIAL INVESTMENT CORP,6211.0,190.0
03761U50,12.06,12.38,2010-05-04,MFIC,MIDCAP FINANCIAL INVESTMENT CORP,6211.0,190.0
03761U50,11.97,11.75,2010-05-05,MFIC,MIDCAP FINANCIAL INVESTMENT CORP,6211.0,190.0
03761U50,10.89,11.82,2010-05-06,MFIC,MIDCAP FINANCIAL INVESTMENT CORP,6211.0,190.0
03761U50,10.58,10.63,2010-05-07,MFIC,MIDCAP FINANCIAL INVESTMENT CORP,6211.0,190.0
03761U50,11.37,11.48,2010-05-10,MFIC,MIDCAP FINANCIAL INVESTMENT CORP,6211.0,190.0
03761U50,11.63,11.1,2010-05-11,MFIC,MIDCAP FINANCIAL INVESTMENT CORP,6211.0,190.0
03761U50,12.03,11.7,2010-05-12,MFIC,MIDCAP FINANCIAL INVESTMENT CORP,6211.0,190.0
03761U50,11.71,12.02,2010-05-13,MFIC,MIDCAP FINANCIAL INVESTMENT CORP,6211.0,190.0
03761U50,11.22,11.51,2010-05-14,MFIC,MIDCAP FINANCIAL INVESTMENT CORP,6211.0,190.0
03761U50,11.2,11.36,2010-05-17,MFIC,MIDCAP FINANCIAL INVESTMENT CORP,6211.0,190.0
03761U50,11.02,11.4,2010-05-18,MFIC,MIDCAP FINANCIAL INVESTMENT CORP,6211.0,190.0
03761U50,10.88,11.0,2010-05-19,MFIC,MIDCAP FINANCIAL INVESTMENT CORP,6211.0,190.0
03761U50,10.17,10.55,2010-05-20,MFIC,MIDCAP FINANCIAL INVESTMENT CORP,6211.0,190.0
03761U50,10.49,9.96,2010-05-21,MFIC,MIDCAP FINANCIAL INVESTMENT CORP,6211.0,190.0
03761U50,10.24,10.46,2010-05-24,MFIC,MIDCAP FINANCIAL INVESTMENT CORP,6211.0,190.0
03761U50,10.41,9.91,2010-05-25,MFIC,MIDCAP FINANCIAL INVESTMENT CORP,6211.0,190.0
03761U50,10.41,10.5,2010-05-26,MFIC,MIDCAP FINANCIAL INVESTMENT CORP,6211.0,190.0
03761U50,10.52,10.7,2010-05-27,MFIC,MIDCAP FINANCIAL INVESTMENT CORP,6211.0,190.0
03761U50,10.43,10.51,2010-05-28,MFIC,MIDCAP FINANCIAL INVESTMENT CORP,6211.0,190.0
03761U50,9.95,10.35,2010-06-01,MFIC,MIDCAP FINANCIAL INVESTMENT CORP,6211.0,190.0
03761U50,10.29,10.14,2010-06-02,MFIC,MIDCAP FINANCIAL INVESTMENT CORP,6211.0,190.0
03761U50,10.31,10.29,2010-06-03,MFIC,MIDCAP FINANCIAL INVESTMENT CORP,6211.0,190.0
03761U50,9.9,10.08,2010-06-04,MFIC,MIDCAP FINANCIAL INVESTMENT CORP,6211.0,190.0
03761U50,9.75,9.96,2010-06-07,MFIC,MIDCAP FINANCIAL INVESTMENT CORP,6211.0,190.0
03761U50,9.8,9.81,2010-06-08,MFIC,MIDCAP FINANCIAL INVESTMENT CORP,6211.0,190.0
03761U50,9.85,9.84,2010-06-09,MFIC,MIDCAP FINANCIAL INVESTMENT CORP,6211.0,190.0
03761U50,10.185,10.08,2010-06-10,MFIC,MIDCAP FINANCIAL INVESTMENT CORP,6211.0,190.0
03761U50,10.44,10.1,2010-06-11,MFIC,MIDCAP FINANCIAL INVESTMENT CORP,6211.0,190.0
03761U50,10.58,10.6,2010-06-14,MFIC,MIDCAP FINANCIAL INVESTMENT CORP,6211.0,190.0
03761U50,10.43,10.4,2010-06-15,MFIC,MIDCAP FINANCIAL INVESTMENT CORP,6211.0,190.0
03761U50,10.32,10.35,2010-06-16,MFIC,MIDCAP FINANCIAL INVESTMENT CORP,6211.0,190.0
03761U50,10.19,10.32,2010-06-17,MFIC,MIDCAP FINANCIAL INVESTMENT CORP,6211.0,190.0
03761U50,10.31,10.22,2010-06-18,MFIC,MIDCAP FINANCIAL INVESTMENT CORP,6211.0,190.0
03761U50,10.07,10.48,2010-06-21,MFIC,MIDCAP FINANCIAL INVESTMENT CORP,6211.0,190.0
03761U50,10.14,10.09,2010-06-22,MFIC,MIDCAP FINANCIAL INVESTMENT CORP,6211.0,190.0
03761U50,10.01,10.1,2010-06-23,MFIC,MIDCAP FINANCIAL INVESTMENT CORP,6211.0,190.0
03761U50,9.8,9.92,2010-06-24,MFIC,MIDCAP FINANCIAL INVESTMENT CORP,6211.0,190.0
03761U50,9.98,9.89,2010-06-25,MFIC,MIDCAP FINANCIAL INVESTMENT CORP,6211.0,190.0
03761U50,10.07,10.01,2010-06-28,MFIC,MIDCAP FINANCIAL INVESTMENT CORP,6211.0,190.0
03761U50,9.52,9.93,2010-06-29,MFIC,MIDCAP FINANCIAL INVESTMENT CORP,6211.0,190.0
03761U50,9.33,9.54,2010-06-30,MFIC,MIDCAP FINANCIAL INVESTMENT CORP,6211.0,190.0
03761U50,9.25,9.35,2010-07-01,MFIC,MIDCAP FINANCIAL INVESTMENT CORP,6211.0,190.0
03761U50,9.26,9.33,2010-07-02,MFIC,MIDCAP FINANCIAL INVESTMENT CORP,6211.0,190.0
03761U50,9.24,9.4,2010-07-06,MFIC,MIDCAP FINANCIAL INVESTMENT CORP,6211.0,190.0
03761U50,9.61,9.24,2010-07-07,MFIC,MIDCAP FINANCIAL INVESTMENT CORP,6211.0,190.0
03761U50,9.89,9.76,2010-07-08,MFIC,MIDCAP FINANCIAL INVESTMENT CORP,6211.0,190.0
03761U50,10.04,9.91,2010-07-09,MFIC,MIDCAP FINANCIAL INVESTMENT CORP,6211.0,190.0
03761U50,9.97,10.0,2010-07-12,MFIC,MIDCAP FINANCIAL INVESTMENT CORP,6211.0,190.0
03761U50,10.31,10.14,2010-07-13,MFIC,MIDCAP FINANCIAL INVESTMENT CORP,6211.0,190.0
03761U50,10.01,10.26,2010-07-14,MFIC,MIDCAP FINANCIAL INVESTMENT CORP,6211.0,190.0
03761U50,9.9,10.02,2010-07-15,MFIC,MIDCAP FINANCIAL INVESTMENT CORP,6211.0,190.0
03761U50,9.68,9.81,2010-07-16,MFIC,MIDCAP FINANCIAL INVESTMENT CORP,6211.0,190.0
03761U50,9.75,9.76,2010-07-19,MFIC,MIDCAP FINANCIAL INVESTMENT CORP,6211.0,190.0
03761U50,9.8,9.55,2010-07-20,MFIC,MIDCAP FINANCIAL INVESTMENT CORP,6211.0,190.0
03761U50,9.68,9.87,2010-07-21,MFIC,MIDCAP FINANCIAL INVESTMENT CORP,6211.0,190.0
03761U50,10.07,9.78,2010-07-22,MFIC,MIDCAP FINANCIAL INVESTMENT CORP,6211.0,190.0
03761U50,10.34,10.0,2010-07-23,MFIC,MIDCAP FINANCIAL INVESTMENT CORP,6211.0,190.0
03761U50,10.52,10.36,2010-07-26,MFIC,MIDCAP FINANCIAL INVESTMENT CORP,6211.0,190.0
03761U50,10.61,10.66,2010-07-27,MFIC,MIDCAP FINANCIAL INVESTMENT CORP,6211.0,190.0
03761U50,10.24,10.6,2010-07-28,MFIC,MIDCAP FINANCIAL INVESTMENT CORP,6211.0,190.0
03761U50,10.52,10.32,2010-07-29,MFIC,MIDCAP FINANCIAL INVESTMENT CORP,6211.0,190.0
03761U50,10.1,10.34,2010-07-30,MFIC,MIDCAP FINANCIAL INVESTMENT CORP,6211.0,190.0
03761U50,10.42,10.23,2010-08-02,MFIC,MIDCAP FINANCIAL INVESTMENT CORP,6211.0,190.0
03761U50,10.42,10.48,2010-08-03,MFIC,MIDCAP FINANCIAL INVESTMENT CORP,6211.0,190.0
03761U50,10.65,10.47,2010-08-04,MFIC,MIDCAP FINANCIAL INVESTMENT CORP,6211.0,190.0
03761U50,10.0,10.09,2010-08-05,MFIC,MIDCAP FINANCIAL INVESTMENT CORP,6211.0,190.0
03761U50,9.84,9.88,2010-08-06,MFIC,MIDCAP FINANCIAL INVESTMENT CORP,6211.0,190.0
03761U50,10.0,9.87,2010-08-09,MFIC,MIDCAP FINANCIAL INVESTMENT CORP,6211.0,190.0
03761U50,9.66,9.87,2010-08-10,MFIC,MIDCAP FINANCIAL INVESTMENT CORP,6211.0,190.0
03761U50,9.31,9.64,2010-08-11,MFIC,MIDCAP FINANCIAL INVESTMENT CORP,6211.0,190.0
03761U50,9.33,9.27,2010-08-12,MFIC,MIDCAP FINANCIAL INVESTMENT CORP,6211.0,190.0
03761U50,9.2,9.31,2010-08-13,MFIC,MIDCAP FINANCIAL INVESTMENT CORP,6211.0,190.0
03761U50,9.32,9.18,2010-08-16,MFIC,MIDCAP FINANCIAL INVESTMENT CORP,6211.0,190.0
03761U50,9.6,9.47,2010-08-17,MFIC,MIDCAP FINANCIAL INVESTMENT CORP,6211.0,190.0
03761U50,9.66,9.6,2010-08-18,MFIC,MIDCAP FINANCIAL INVESTMENT CORP,6211.0,190.0
03761U50,9.3,9.61,2010-08-19,MFIC,MIDCAP FINANCIAL INVESTMENT CORP,6211.0,190.0
03761U50,9.51,9.31,2010-08-20,MFIC,MIDCAP FINANCIAL INVESTMENT CORP,6211.0,190.0
03761U50,9.42,9.61,2010-08-23,MFIC,MIDCAP FINANCIAL INVESTMENT CORP,6211.0,190.0
03761U50,9.27,9.33,2010-08-24,MFIC,MIDCAP FINANCIAL INVESTMENT CORP,6211.0,190.0
03761U50,9.38,9.27,2010-08-25,MFIC,MIDCAP FINANCIAL INVESTMENT CORP,6211.0,190.0
03761U50,9.18,9.45,2010-08-26,MFIC,MIDCAP FINANCIAL INVESTMENT CORP,6211.0,190.0
03761U50,9.56,9.32,2010-08-27,MFIC,MIDCAP FINANCIAL INVESTMENT CORP,6211.0,190.0
03761U50,9.37,9.54,2010-08-30,MFIC,MIDCAP FINANCIAL INVESTMENT CORP,6211.0,190.0
03761U50,9.55,9.37,2010-08-31,MFIC,MIDCAP FINANCIAL INVESTMENT CORP,6211.0,190.0
03761U50,9.92,9.67,2010-09-01,MFIC,MIDCAP FINANCIAL INVESTMENT CORP,6211.0,190.0
03761U50,10.08,9.95,2010-09-02,MFIC,MIDCAP FINANCIAL INVESTMENT CORP,6211.0,190.0
03761U50,10.29,10.21,2010-09-03,MFIC,MIDCAP FINANCIAL INVESTMENT CORP,6211.0,190.0
03761U50,10.09,10.25,2010-09-07,MFIC,MIDCAP FINANCIAL INVESTMENT CORP,6211.0,190.0
03761U50,10.18,10.13,2010-09-08,MFIC,MIDCAP FINANCIAL INVESTMENT CORP,6211.0,190.0
03761U50,10.32,10.29,2010-09-09,MFIC,MIDCAP FINANCIAL INVESTMENT CORP,6211.0,190.0
03761U50,10.38,10.38,2010-09-10,MFIC,MIDCAP FINANCIAL INVESTMENT CORP,6211.0,190.0
03761U50,10.52,10.51,2010-09-13,MFIC,MIDCAP FINANCIAL INVESTMENT CORP,6211.0,190.0
03761U50,10.16,10.26,2010-09-14,MFIC,MIDCAP FINANCIAL INVESTMENT CORP,6211.0,190.0
03761U50,10.23,10.15,2010-09-15,MFIC,MIDCAP FINANCIAL INVESTMENT CORP,6211.0,190.0
03761U50,10.04,10.17,2010-09-16,MFIC,MIDCAP FINANCIAL INVESTMENT CORP,6211.0,190.0
03761U50,10.2,10.2,2010-09-17,MFIC,MIDCAP FINANCIAL INVESTMENT CORP,6211.0,190.0
03761U50,10.41,10.21,2010-09-20,MFIC,MIDCAP FINANCIAL INVESTMENT CORP,6211.0,190.0
03761U50,10.23,10.38,2010-09-21,MFIC,MIDCAP FINANCIAL INVESTMENT CORP,6211.0,190.0
03761U50,10.1,10.23,2010-09-22,MFIC,MIDCAP FINANCIAL INVESTMENT CORP,6211.0,190.0
03761U50,9.87,10.01,2010-09-23,MFIC,MIDCAP FINANCIAL INVESTMENT CORP,6211.0,190.0
03761U50,10.16,10.07,2010-09-24,MFIC,MIDCAP FINANCIAL INVESTMENT CORP,6211.0,190.0
03761U50,10.12,10.15,2010-09-27,MFIC,MIDCAP FINANCIAL INVESTMENT CORP,6211.0,190.0
03761U50,10.36,10.19,2010-09-28,MFIC,MIDCAP FINANCIAL INVESTMENT CORP,6211.0,190.0
03761U50,10.3,10.31,2010-09-29,MFIC,MIDCAP FINANCIAL INVESTMENT CORP,6211.0,190.0
03761U50,10.23,10.36,2010-09-30,MFIC,MIDCAP FINANCIAL INVESTMENT CORP,6211.0,190.0
03761U50,10.34,10.39,2010-10-01,MFIC,MIDCAP FINANCIAL INVESTMENT CORP,6211.0,190.0
03761U50,10.2,10.35,2010-10-04,MFIC,MIDCAP FINANCIAL INVESTMENT CORP,6211.0,190.0
03761U50,10.44,10.37,2010-10-05,MFIC,MIDCAP FINANCIAL INVESTMENT CORP,6211.0,190.0
03761U50,10.43,10.45,2010-10-06,MFIC,MIDCAP FINANCIAL INVESTMENT CORP,6211.0,190.0
03761U50,10.37,10.46,2010-10-07,MFIC,MIDCAP FINANCIAL INVESTMENT CORP,6211.0,190.0
03761U50,10.45,10.4,2010-10-08,MFIC,MIDCAP FINANCIAL INVESTMENT CORP,6211.0,190.0
03761U50,10.48,10.47,2010-10-11,MFIC,MIDCAP FINANCIAL INVESTMENT CORP,6211.0,190.0
03761U50,10.47,10.42,2010-10-12,MFIC,MIDCAP FINANCIAL INVESTMENT CORP,6211.0,190.0
03761U50,10.51,10.59,2010-10-13,MFIC,MIDCAP FINANCIAL INVESTMENT CORP,6211.0,190.0
03761U50,10.42,10.53,2010-10-14,MFIC,MIDCAP FINANCIAL INVESTMENT CORP,6211.0,190.0
03761U50,10.42,10.56,2010-10-15,MFIC,MIDCAP FINANCIAL INVESTMENT CORP,6211.0,190.0
03761U50,10.6,10.45,2010-10-18,MFIC,MIDCAP FINANCIAL INVESTMENT CORP,6211.0,190.0
03761U50,10.5,10.45,2010-10-19,MFIC,MIDCAP FINANCIAL INVESTMENT CORP,6211.0,190.0
03761U50,10.79,10.58,2010-10-20,MFIC,MIDCAP FINANCIAL INVESTMENT CORP,6211.0,190.0
03761U50,10.82,10.86,2010-10-21,MFIC,MIDCAP FINANCIAL INVESTMENT CORP,6211.0,190.0
03761U50,10.95,10.87,2010-10-22,MFIC,MIDCAP FINANCIAL INVESTMENT CORP,6211.0,190.0
03761U50,10.97,11.0,2010-10-25,MFIC,MIDCAP FINANCIAL INVESTMENT CORP,6211.0,190.0
03761U50,11.0,10.95,2010-10-26,MFIC,MIDCAP FINANCIAL INVESTMENT CORP,6211.0,190.0
03761U50,10.95,10.9,2010-10-27,MFIC,MIDCAP FINANCIAL INVESTMENT CORP,6211.0,190.0
03761U50,10.8,10.99,2010-10-28,MFIC,MIDCAP FINANCIAL INVESTMENT CORP,6211.0,190.0
03761U50,11.01,10.75,2010-10-29,MFIC,MIDCAP FINANCIAL INVESTMENT CORP,6211.0,190.0
03761U50,10.9,11.08,2010-11-01,MFIC,MIDCAP FINANCIAL INVESTMENT CORP,6211.0,190.0
03761U50,11.16,11.02,2010-11-02,MFIC,MIDCAP FINANCIAL INVESTMENT CORP,6211.0,190.0
03761U50,11.2,11.16,2010-11-03,MFIC,MIDCAP FINANCIAL INVESTMENT CORP,6211.0,190.0
03761U50,11.46,11.3,2010-11-04,MFIC,MIDCAP FINANCIAL INVESTMENT CORP,6211.0,190.0
03761U50,11.41,11.39,2010-11-05,MFIC,MIDCAP FINANCIAL INVESTMENT CORP,6211.0,190.0
03761U50,11.19,11.44,2010-11-08,MFIC,MIDCAP FINANCIAL INVESTMENT CORP,6211.0,190.0
03761U50,11.09,11.18,2010-11-09,MFIC,MIDCAP FINANCIAL INVESTMENT CORP,6211.0,190.0
03761U50,10.84,11.04,2010-11-10,MFIC,MIDCAP FINANCIAL INVESTMENT CORP,6211.0,190.0
03761U50,10.69,10.75,2010-11-11,MFIC,MIDCAP FINANCIAL INVESTMENT CORP,6211.0,190.0
03761U50,10.34,10.64,2010-11-12,MFIC,MIDCAP FINANCIAL INVESTMENT CORP,6211.0,190.0
03761U50,10.63,10.45,2010-11-15,MFIC,MIDCAP FINANCIAL INVESTMENT CORP,6211.0,190.0
03761U50,10.42,10.54,2010-11-16,MFIC,MIDCAP FINANCIAL INVESTMENT CORP,6211.0,190.0
03761U50,10.48,10.46,2010-11-17,MFIC,MIDCAP FINANCIAL INVESTMENT CORP,6211.0,190.0
03761U50,10.67,10.58,2010-11-18,MFIC,MIDCAP FINANCIAL INVESTMENT CORP,6211.0,190.0
03761U50,10.77,10.61,2010-11-19,MFIC,MIDCAP FINANCIAL INVESTMENT CORP,6211.0,190.0
03761U50,10.81,10.75,2010-11-22,MFIC,MIDCAP FINANCIAL INVESTMENT CORP,6211.0,190.0
03761U50,10.57,10.67,2010-11-23,MFIC,MIDCAP FINANCIAL INVESTMENT CORP,6211.0,190.0
03761U50,10.76,10.64,2010-11-24,MFIC,MIDCAP FINANCIAL INVESTMENT CORP,6211.0,190.0
03761U50,10.71,10.65,2010-11-26,MFIC,MIDCAP FINANCIAL INVESTMENT CORP,6211.0,190.0
03761U50,10.7,10.69,2010-11-29,MFIC,MIDCAP FINANCIAL INVESTMENT CORP,6211.0,190.0
03761U50,10.58,10.6,2010-11-30,MFIC,MIDCAP FINANCIAL INVESTMENT CORP,6211.0,190.0
03761U50,10.89,10.74,2010-12-01,MFIC,MIDCAP FINANCIAL INVESTMENT CORP,6211.0,190.0
03761U50,11.16,10.87,2010-12-02,MFIC,MIDCAP FINANCIAL INVESTMENT CORP,6211.0,190.0
03761U50,11.245,11.13,2010-12-03,MFIC,MIDCAP FINANCIAL INVESTMENT CORP,6211.0,190.0
03761U50,11.2,11.21,2010-12-06,MFIC,MIDCAP FINANCIAL INVESTMENT CORP,6211.0,190.0
03761U50,11.285,11.3,2010-12-07,MFIC,MIDCAP FINANCIAL INVESTMENT CORP,6211.0,190.0
03761U50,11.29,11.35,2010-12-08,MFIC,MIDCAP FINANCIAL INVESTMENT CORP,6211.0,190.0
03761U50,11.37,11.39,2010-12-09,MFIC,MIDCAP FINANCIAL INVESTMENT CORP,6211.0,190.0
03761U50,11.48,11.39,2010-12-10,MFIC,MIDCAP FINANCIAL INVESTMENT CORP,6211.0,190.0
03761U50,11.56,11.53,2010-12-13,MFIC,MIDCAP FINANCIAL INVESTMENT CORP,6211.0,190.0
03761U50,11.29,11.31,2010-12-14,MFIC,MIDCAP FINANCIAL INVESTMENT CORP,6211.0,190.0
03761U50,11.04,11.24,2010-12-15,MFIC,MIDCAP FINANCIAL INVESTMENT CORP,6211.0,190.0
03761U50,11.14,11.1,2010-12-16,MFIC,MIDCAP FINANCIAL INVESTMENT CORP,6211.0,190.0
03761U50,10.97,11.15,2010-12-17,MFIC,MIDCAP FINANCIAL INVESTMENT CORP,6211.0,190.0
03761U50,10.98,10.99,2010-12-20,MFIC,MIDCAP FINANCIAL INVESTMENT CORP,6211.0,190.0
03761U50,11.29,11.04,2010-12-21,MFIC,MIDCAP FINANCIAL INVESTMENT CORP,6211.0,190.0
03761U50,11.31,11.34,2010-12-22,MFIC,MIDCAP FINANCIAL INVESTMENT CORP,6211.0,190.0
03761U50,11.32,11.28,2010-12-23,MFIC,MIDCAP FINANCIAL INVESTMENT CORP,6211.0,190.0
03761U50,11.24,11.3,2010-12-27,MFIC,MIDCAP FINANCIAL INVESTMENT CORP,6211.0,190.0
03761U50,11.23,11.24,2010-12-28,MFIC,MIDCAP FINANCIAL INVESTMENT CORP,6211.0,190.0
03761U50,11.12,11.24,2010-12-29,MFIC,MIDCAP FINANCIAL INVESTMENT CORP,6211.0,190.0
03761U50,11.1,11.14,2010-12-30,MFIC,MIDCAP FINANCIAL INVESTMENT CORP,6211.0,190.0
03761U50,11.07,11.06,2010-12-31,MFIC,MIDCAP FINANCIAL INVESTMENT CORP,6211.0,190.0
03761U50,11.28,11.17,2011-01-03,MFIC,MIDCAP FINANCIAL INVESTMENT CORP,6211.0,190.0
03761U50,11.38,11.38,2011-01-04,MFIC,MIDCAP FINANCIAL INVESTMENT CORP,6211.0,190.0
03761U50,11.55,11.43,2011-01-05,MFIC,MIDCAP FINANCIAL INVESTMENT CORP,6211.0,190.0
03761U50,11.38,11.5,2011-01-06,MFIC,MIDCAP FINANCIAL INVESTMENT CORP,6211.0,190.0
03761U50,11.34,11.44,2011-01-07,MFIC,MIDCAP FINANCIAL INVESTMENT CORP,6211.0,190.0
03761U50,11.57,11.42,2011-01-10,MFIC,MIDCAP FINANCIAL INVESTMENT CORP,6211.0,190.0
03761U50,11.65,11.65,2011-01-11,MFIC,MIDCAP FINANCIAL INVESTMENT CORP,6211.0,190.0
03761U50,11.96,11.79,2011-01-12,MFIC,MIDCAP FINANCIAL INVESTMENT CORP,6211.0,190.0
03761U50,11.86,11.9,2011-01-13,MFIC,MIDCAP FINANCIAL INVESTMENT CORP,6211.0,190.0
03761U50,12.04,11.87,2011-01-14,MFIC,MIDCAP FINANCIAL INVESTMENT CORP,6211.0,190.0
03761U50,12.18,12.0,2011-01-18,MFIC,MIDCAP FINANCIAL INVESTMENT CORP,6211.0,190.0
03761U50,11.7,12.06,2011-01-19,MFIC,MIDCAP FINANCIAL INVESTMENT CORP,6211.0,190.0
03761U50,11.36,11.42,2011-01-20,MFIC,MIDCAP FINANCIAL INVESTMENT CORP,6211.0,190.0
03761U50,11.72,11.43,2011-01-21,MFIC,MIDCAP FINANCIAL INVESTMENT CORP,6211.0,190.0
03761U50,11.85,11.77,2011-01-24,MFIC,MIDCAP FINANCIAL INVESTMENT CORP,6211.0,190.0
03761U50,11.65,11.85,2011-01-25,MFIC,MIDCAP FINANCIAL INVESTMENT CORP,6211.0,190.0
03761U50,11.92,11.72,2011-01-26,MFIC,MIDCAP FINANCIAL INVESTMENT CORP,6211.0,190.0
03761U50,11.88,11.92,2011-01-27,MFIC,MIDCAP FINANCIAL INVESTMENT CORP,6211.0,190.0
03761U50,11.49,11.92,2011-01-28,MFIC,MIDCAP FINANCIAL INVESTMENT CORP,6211.0,190.0
03761U50,11.795,11.51,2011-01-31,MFIC,MIDCAP FINANCIAL INVESTMENT CORP,6211.0,190.0
03761U50,12.01,11.91,2011-02-01,MFIC,MIDCAP FINANCIAL INVESTMENT CORP,6211.0,190.0
03761U50,12.1,11.94,2011-02-02,MFIC,MIDCAP FINANCIAL INVESTMENT CORP,6211.0,190.0
03761U50,12.06,12.04,2011-02-03,MFIC,MIDCAP FINANCIAL INVESTMENT CORP,6211.0,190.0
03761U50,12.04,11.96,2011-02-04,MFIC,MIDCAP FINANCIAL INVESTMENT CORP,6211.0,190.0
03761U50,12.0,12.02,2011-02-07,MFIC,MIDCAP FINANCIAL INVESTMENT CORP,6211.0,190.0
03761U50,12.11,11.98,2011-02-08,MFIC,MIDCAP FINANCIAL INVESTMENT CORP,6211.0,190.0
03761U50,11.95,12.01,2011-02-09,MFIC,MIDCAP FINANCIAL INVESTMENT CORP,6211.0,190.0
03761U50,11.94,11.92,2011-02-10,MFIC,MIDCAP FINANCIAL INVESTMENT CORP,6211.0,190.0
03761U50,12.09,11.86,2011-02-11,MFIC,MIDCAP FINANCIAL INVESTMENT CORP,6211.0,190.0
03761U50,12.06,12.07,2011-02-14,MFIC,MIDCAP FINANCIAL INVESTMENT CORP,6211.0,190.0
03761U50,12.12,12.01,2011-02-15,MFIC,MIDCAP FINANCIAL INVESTMENT CORP,6211.0,190.0
03761U50,12.24,12.17,2011-02-16,MFIC,MIDCAP FINANCIAL INVESTMENT CORP,6211.0,190.0
03761U50,12.4,12.22,2011-02-17,MFIC,MIDCAP FINANCIAL INVESTMENT CORP,6211.0,190.0
03761U50,12.22,12.4,2011-02-18,MFIC,MIDCAP FINANCIAL INVESTMENT CORP,6211.0,190.0
03761U50,11.87,12.02,2011-02-22,MFIC,MIDCAP FINANCIAL INVESTMENT CORP,6211.0,190.0
03761U50,11.79,11.93,2011-02-23,MFIC,MIDCAP FINANCIAL INVESTMENT CORP,6211.0,190.0
03761U50,12.065,11.76,2011-02-24,MFIC,MIDCAP FINANCIAL INVESTMENT CORP,6211.0,190.0
03761U50,12.4,12.11,2011-02-25,MFIC,MIDCAP FINANCIAL INVESTMENT CORP,6211.0,190.0
03761U50,12.37,12.4,2011-02-28,MFIC,MIDCAP FINANCIAL INVESTMENT CORP,6211.0,190.0
03761U50,12.04,12.43,2011-03-01,MFIC,MIDCAP FINANCIAL INVESTMENT CORP,6211.0,190.0
03761U50,12.08,12.05,2011-03-02,MFIC,MIDCAP FINANCIAL INVESTMENT CORP,6211.0,190.0
03761U50,12.27,12.19,2011-03-03,MFIC,MIDCAP FINANCIAL INVESTMENT CORP,6211.0,190.0
03761U50,12.16,12.34,2011-03-04,MFIC,MIDCAP FINANCIAL INVESTMENT CORP,6211.0,190.0
03761U50,12.12,12.25,2011-03-07,MFIC,MIDCAP FINANCIAL INVESTMENT CORP,6211.0,190.0
03761U50,12.345,12.13,2011-03-08,MFIC,MIDCAP FINANCIAL INVESTMENT CORP,6211.0,190.0
03761U50,12.31,12.35,2011-03-09,MFIC,MIDCAP FINANCIAL INVESTMENT CORP,6211.0,190.0
03761U50,12.07,12.16,2011-03-10,MFIC,MIDCAP FINANCIAL INVESTMENT CORP,6211.0,190.0
03761U50,12.14,12.05,2011-03-11,MFIC,MIDCAP FINANCIAL INVESTMENT CORP,6211.0,190.0
03761U50,12.05,12.03,2011-03-14,MFIC,MIDCAP FINANCIAL INVESTMENT CORP,6211.0,190.0
03761U50,11.36,11.47,2011-03-15,MFIC,MIDCAP FINANCIAL INVESTMENT CORP,6211.0,190.0
03761U50,11.17,11.36,2011-03-16,MFIC,MIDCAP FINANCIAL INVESTMENT CORP,6211.0,190.0
03761U50,11.31,11.36,2011-03-17,MFIC,MIDCAP FINANCIAL INVESTMENT CORP,6211.0,190.0
03761U50,11.36,11.48,2011-03-18,MFIC,MIDCAP FINANCIAL INVESTMENT CORP,6211.0,190.0
03761U50,11.73,11.52,2011-03-21,MFIC,MIDCAP FINANCIAL INVESTMENT CORP,6211.0,190.0
03761U50,11.5,11.76,2011-03-22,MFIC,MIDCAP FINANCIAL INVESTMENT CORP,6211.0,190.0
03761U50,11.67,11.51,2011-03-23,MFIC,MIDCAP FINANCIAL INVESTMENT CORP,6211.0,190.0
03761U50,11.73,11.72,2011-03-24,MFIC,MIDCAP FINANCIAL INVESTMENT CORP,6211.0,190.0
03761U50,11.83,11.77,2011-03-25,MFIC,MIDCAP FINANCIAL INVESTMENT CORP,6211.0,190.0
03761U50,11.85,11.86,2011-03-28,MFIC,MIDCAP FINANCIAL INVESTMENT CORP,6211.0,190.0
03761U50,11.86,11.8,2011-03-29,MFIC,MIDCAP FINANCIAL INVESTMENT CORP,6211.0,190.0
03761U50,12.03,11.96,2011-03-30,MFIC,MIDCAP FINANCIAL INVESTMENT CORP,6211.0,190.0
03761U50,12.065,12.0,2011-03-31,MFIC,MIDCAP FINANCIAL INVESTMENT CORP,6211.0,190.0
03761U50,12.2,12.14,2011-04-01,MFIC,MIDCAP FINANCIAL INVESTMENT CORP,6211.0,190.0
03761U50,12.14,12.28,2011-04-04,MFIC,MIDCAP FINANCIAL INVESTMENT CORP,6211.0,190.0
03761U50,12.07,12.13,2011-04-05,MFIC,MIDCAP FINANCIAL INVESTMENT CORP,6211.0,190.0
03761U50,12.23,12.11,2011-04-06,MFIC,MIDCAP FINANCIAL INVESTMENT CORP,6211.0,190.0
03761U50,12.1675,12.2,2011-04-07,MFIC,MIDCAP FINANCIAL INVESTMENT CORP,6211.0,190.0
03761U50,12.0,12.26,2011-04-08,MFIC,MIDCAP FINANCIAL INVESTMENT CORP,6211.0,190.0
03761U50,11.79,12.0,2011-04-11,MFIC,MIDCAP FINANCIAL INVESTMENT CORP,6211.0,190.0
03761U50,11.56,11.7,2011-04-12,MFIC,MIDCAP FINANCIAL INVESTMENT CORP,6211.0,190.0
03761U50,11.57,11.65,2011-04-13,MFIC,MIDCAP FINANCIAL INVESTMENT CORP,6211.0,190.0
03761U50,11.56,11.46,2011-04-14,MFIC,MIDCAP FINANCIAL INVESTMENT CORP,6211.0,190.0
03761U50,11.7,11.5,2011-04-15,MFIC,MIDCAP FINANCIAL INVESTMENT CORP,6211.0,190.0
03761U50,11.52,11.52,2011-04-18,MFIC,MIDCAP FINANCIAL INVESTMENT CORP,6211.0,190.0
03761U50,11.37,11.42,2011-04-19,MFIC,MIDCAP FINANCIAL INVESTMENT CORP,6211.0,190.0
03761U50,11.56,11.59,2011-04-20,MFIC,MIDCAP FINANCIAL INVESTMENT CORP,6211.0,190.0
03761U50,11.65,11.66,2011-04-21,MFIC,MIDCAP FINANCIAL INVESTMENT CORP,6211.0,190.0
03761U50,11.84,11.56,2011-04-25,MFIC,MIDCAP FINANCIAL INVESTMENT CORP,6211.0,190.0
03761U50,11.93,11.57,2011-04-26,MFIC,MIDCAP FINANCIAL INVESTMENT CORP,6211.0,190.0
03761U50,11.7,11.85,2011-04-27,MFIC,MIDCAP FINANCIAL INVESTMENT CORP,6211.0,190.0
03761U50,11.73,11.68,2011-04-28,MFIC,MIDCAP FINANCIAL INVESTMENT CORP,6211.0,190.0
03761U50,11.85,11.76,2011-04-29,MFIC,MIDCAP FINANCIAL INVESTMENT CORP,6211.0,190.0
03761U50,11.64,11.87,2011-05-02,MFIC,MIDCAP FINANCIAL INVESTMENT CORP,6211.0,190.0
03761U50,11.63,11.64,2011-05-03,MFIC,MIDCAP FINANCIAL INVESTMENT CORP,6211.0,190.0
03761U50,11.56,11.67,2011-05-04,MFIC,MIDCAP FINANCIAL INVESTMENT CORP,6211.0,190.0
03761U50,11.38,11.47,2011-05-05,MFIC,MIDCAP FINANCIAL INVESTMENT CORP,6211.0,190.0
03761U50,11.35,11.54,2011-05-06,MFIC,MIDCAP FINANCIAL INVESTMENT CORP,6211.0,190.0
03761U50,11.39,11.39,2011-05-09,MFIC,MIDCAP FINANCIAL INVESTMENT CORP,6211.0,190.0
03761U50,11.62,11.45,2011-05-10,MFIC,MIDCAP FINANCIAL INVESTMENT CORP,6211.0,190.0
03761U50,11.46,11.56,2011-05-11,MFIC,MIDCAP FINANCIAL INVESTMENT CORP,6211.0,190.0
03761U50,11.56,11.42,2011-05-12,MFIC,MIDCAP FINANCIAL INVESTMENT CORP,6211.0,190.0
03761U50,11.27,11.54,2011-05-13,MFIC,MIDCAP FINANCIAL INVESTMENT CORP,6211.0,190.0
03761U50,11.15,11.24,2011-05-16,MFIC,MIDCAP FINANCIAL INVESTMENT CORP,6211.0,190.0
03761U50,10.83,11.11,2011-05-17,MFIC,MIDCAP FINANCIAL INVESTMENT CORP,6211.0,190.0
03761U50,11.05,10.83,2011-05-18,MFIC,MIDCAP FINANCIAL INVESTMENT CORP,6211.0,190.0
03761U50,11.3,11.15,2011-05-19,MFIC,MIDCAP FINANCIAL INVESTMENT CORP,6211.0,190.0
03761U50,11.19,11.25,2011-05-20,MFIC,MIDCAP FINANCIAL INVESTMENT CORP,6211.0,190.0
03761U50,11.04,11.04,2011-05-23,MFIC,MIDCAP FINANCIAL INVESTMENT CORP,6211.0,190.0
03761U50,10.94,11.06,2011-05-24,MFIC,MIDCAP FINANCIAL INVESTMENT CORP,6211.0,190.0
03761U50,11.11,10.95,2011-05-25,MFIC,MIDCAP FINANCIAL INVESTMENT CORP,6211.0,190.0
03761U50,11.18,11.09,2011-05-26,MFIC,MIDCAP FINANCIAL INVESTMENT CORP,6211.0,190.0
03761U50,11.18,11.22,2011-05-27,MFIC,MIDCAP FINANCIAL INVESTMENT CORP,6211.0,190.0
03761U50,11.41,11.34,2011-05-31,MFIC,MIDCAP FINANCIAL INVESTMENT CORP,6211.0,190.0
03761U50,10.915,11.49,2011-06-01,MFIC,MIDCAP FINANCIAL INVESTMENT CORP,6211.0,190.0
03761U50,10.91,11.07,2011-06-02,MFIC,MIDCAP FINANCIAL INVESTMENT CORP,6211.0,190.0
03761U50,10.82,10.75,2011-06-03,MFIC,MIDCAP FINANCIAL INVESTMENT CORP,6211.0,190.0
03761U50,10.77,10.87,2011-06-06,MFIC,MIDCAP FINANCIAL INVESTMENT CORP,6211.0,190.0
03761U50,10.79,10.91,2011-06-07,MFIC,MIDCAP FINANCIAL INVESTMENT CORP,6211.0,190.0
03761U50,10.64,10.82,2011-06-08,MFIC,MIDCAP FINANCIAL INVESTMENT CORP,6211.0,190.0
03761U50,10.63,10.68,2011-06-09,MFIC,MIDCAP FINANCIAL INVESTMENT CORP,6211.0,190.0
03761U50,10.38,10.6,2011-06-10,MFIC,MIDCAP FINANCIAL INVESTMENT CORP,6211.0,190.0
03761U50,10.47,10.39,2011-06-13,MFIC,MIDCAP FINANCIAL INVESTMENT CORP,6211.0,190.0
03761U50,10.32,10.31,2011-06-14,MFIC,MIDCAP FINANCIAL INVESTMENT CORP,6211.0,190.0
03761U50,9.97,10.21,2011-06-15,MFIC,MIDCAP FINANCIAL INVESTMENT CORP,6211.0,190.0
03761U50,9.95,9.96,2011-06-16,MFIC,MIDCAP FINANCIAL INVESTMENT CORP,6211.0,190.0
03761U50,9.98,10.04,2011-06-17,MFIC,MIDCAP FINANCIAL INVESTMENT CORP,6211.0,190.0
03761U50,10.05,10.0,2011-06-20,MFIC,MIDCAP FINANCIAL INVESTMENT CORP,6211.0,190.0
03761U50,10.145,10.1,2011-06-21,MFIC,MIDCAP FINANCIAL INVESTMENT CORP,6211.0,190.0
03761U50,9.93,10.08,2011-06-22,MFIC,MIDCAP FINANCIAL INVESTMENT CORP,6211.0,190.0
03761U50,9.91,9.82,2011-06-23,MFIC,MIDCAP FINANCIAL INVESTMENT CORP,6211.0,190.0
03761U50,9.71,9.91,2011-06-24,MFIC,MIDCAP FINANCIAL INVESTMENT CORP,6211.0,190.0
03761U50,9.86,9.69,2011-06-27,MFIC,MIDCAP FINANCIAL INVESTMENT CORP,6211.0,190.0
03761U50,10.0,9.88,2011-06-28,MFIC,MIDCAP FINANCIAL INVESTMENT CORP,6211.0,190.0
03761U50,10.0,10.05,2011-06-29,MFIC,MIDCAP FINANCIAL INVESTMENT CORP,6211.0,190.0
03761U50,10.21,10.1,2011-06-30,MFIC,MIDCAP FINANCIAL INVESTMENT CORP,6211.0,190.0
03761U50,10.34,10.18,2011-07-01,MFIC,MIDCAP FINANCIAL INVESTMENT CORP,6211.0,190.0
03761U50,10.34,10.36,2011-07-05,MFIC,MIDCAP FINANCIAL INVESTMENT CORP,6211.0,190.0
03761U50,10.41,10.37,2011-07-06,MFIC,MIDCAP FINANCIAL INVESTMENT CORP,6211.0,190.0
03761U50,10.6,10.49,2011-07-07,MFIC,MIDCAP FINANCIAL INVESTMENT CORP,6211.0,190.0
03761U50,10.54,10.47,2011-07-08,MFIC,MIDCAP FINANCIAL INVESTMENT CORP,6211.0,190.0
03761U50,10.14,10.39,2011-07-11,MFIC,MIDCAP FINANCIAL INVESTMENT CORP,6211.0,190.0
03761U50,10.0,10.09,2011-07-12,MFIC,MIDCAP FINANCIAL INVESTMENT CORP,6211.0,190.0
03761U50,9.99,10.03,2011-07-13,MFIC,MIDCAP FINANCIAL INVESTMENT CORP,6211.0,190.0
03761U50,9.86,10.07,2011-07-14,MFIC,MIDCAP FINANCIAL INVESTMENT CORP,6211.0,190.0
03761U50,9.93,9.91,2011-07-15,MFIC,MIDCAP FINANCIAL INVESTMENT CORP,6211.0,190.0
03761U50,9.55,9.9,2011-07-18,MFIC,MIDCAP FINANCIAL INVESTMENT CORP,6211.0,190.0
03761U50,9.82,9.61,2011-07-19,MFIC,MIDCAP FINANCIAL INVESTMENT CORP,6211.0,190.0
03761U50,9.84,9.86,2011-07-20,MFIC,MIDCAP FINANCIAL INVESTMENT CORP,6211.0,190.0
03761U50,10.02,9.92,2011-07-21,MFIC,MIDCAP FINANCIAL INVESTMENT CORP,6211.0,190.0
03761U50,10.02,10.07,2011-07-22,MFIC,MIDCAP FINANCIAL INVESTMENT CORP,6211.0,190.0
03761U50,10.01,9.9,2011-07-25,MFIC,MIDCAP FINANCIAL INVESTMENT CORP,6211.0,190.0
03761U50,9.96,9.97,2011-07-26,MFIC,MIDCAP FINANCIAL INVESTMENT CORP,6211.0,190.0
03761U50,9.68,9.9,2011-07-27,MFIC,MIDCAP FINANCIAL INVESTMENT CORP,6211.0,190.0
03761U50,9.64,9.7,2011-07-28,MFIC,MIDCAP FINANCIAL INVESTMENT CORP,6211.0,190.0
03761U50,9.58,9.53,2011-07-29,MFIC,MIDCAP FINANCIAL INVESTMENT CORP,6211.0,190.0
03761U50,9.76,9.78,2011-08-01,MFIC,MIDCAP FINANCIAL INVESTMENT CORP,6211.0,190.0
03761U50,9.5,9.69,2011-08-02,MFIC,MIDCAP FINANCIAL INVESTMENT CORP,6211.0,190.0
03761U50,9.5,9.51,2011-08-03,MFIC,MIDCAP FINANCIAL INVESTMENT CORP,6211.0,190.0
03761U50,8.83,9.42,2011-08-04,MFIC,MIDCAP FINANCIAL INVESTMENT CORP,6211.0,190.0
03761U50,8.14,8.81,2011-08-05,MFIC,MIDCAP FINANCIAL INVESTMENT CORP,6211.0,190.0
03761U50,7.53,7.79,2011-08-08,MFIC,MIDCAP FINANCIAL INVESTMENT CORP,6211.0,190.0
03761U50,8.04,7.59,2011-08-09,MFIC,MIDCAP FINANCIAL INVESTMENT CORP,6211.0,190.0
03761U50,7.39,7.92,2011-08-10,MFIC,MIDCAP FINANCIAL INVESTMENT CORP,6211.0,190.0
03761U50,8.18,7.45,2011-08-11,MFIC,MIDCAP FINANCIAL INVESTMENT CORP,6211.0,190.0
03761U50,8.43,8.43,2011-08-12,MFIC,MIDCAP FINANCIAL INVESTMENT CORP,6211.0,190.0
03761U50,8.71,8.49,2011-08-15,MFIC,MIDCAP FINANCIAL INVESTMENT CORP,6211.0,190.0
03761U50,8.65,8.69,2011-08-16,MFIC,MIDCAP FINANCIAL INVESTMENT CORP,6211.0,190.0
03761U50,8.77,8.71,2011-08-17,MFIC,MIDCAP FINANCIAL INVESTMENT CORP,6211.0,190.0
03761U50,8.14,8.5,2011-08-18,MFIC,MIDCAP FINANCIAL INVESTMENT CORP,6211.0,190.0
03761U50,8.03,8.0,2011-08-19,MFIC,MIDCAP FINANCIAL INVESTMENT CORP,6211.0,190.0
03761U50,8.09,8.3,2011-08-22,MFIC,MIDCAP FINANCIAL INVESTMENT CORP,6211.0,190.0
03761U50,8.48,8.18,2011-08-23,MFIC,MIDCAP FINANCIAL INVESTMENT CORP,6211.0,190.0
03761U50,8.51,8.45,2011-08-24,MFIC,MIDCAP FINANCIAL INVESTMENT CORP,6211.0,190.0
03761U50,8.28,8.6,2011-08-25,MFIC,MIDCAP FINANCIAL INVESTMENT CORP,6211.0,190.0
03761U50,8.47,8.19,2011-08-26,MFIC,MIDCAP FINANCIAL INVESTMENT CORP,6211.0,190.0
03761U50,9.12,8.61,2011-08-29,MFIC,MIDCAP FINANCIAL INVESTMENT CORP,6211.0,190.0
03761U50,9.0,9.06,2011-08-30,MFIC,MIDCAP FINANCIAL INVESTMENT CORP,6211.0,190.0
03761U50,9.09,9.06,2011-08-31,MFIC,MIDCAP FINANCIAL INVESTMENT CORP,6211.0,190.0
03761U50,9.03,9.04,2011-09-01,MFIC,MIDCAP FINANCIAL INVESTMENT CORP,6211.0,190.0
03761U50,8.52,8.82,2011-09-02,MFIC,MIDCAP FINANCIAL INVESTMENT CORP,6211.0,190.0
03761U50,8.57,8.24,2011-09-06,MFIC,MIDCAP FINANCIAL INVESTMENT CORP,6211.0,190.0
03761U50,8.95,8.78,2011-09-07,MFIC,MIDCAP FINANCIAL INVESTMENT CORP,6211.0,190.0
03761U50,8.705,8.84,2011-09-08,MFIC,MIDCAP FINANCIAL INVESTMENT CORP,6211.0,190.0
03761U50,8.54,8.63,2011-09-09,MFIC,MIDCAP FINANCIAL INVESTMENT CORP,6211.0,190.0
03761U50,8.76,8.53,2011-09-12,MFIC,MIDCAP FINANCIAL INVESTMENT CORP,6211.0,190.0
03761U50,8.46,8.48,2011-09-13,MFIC,MIDCAP FINANCIAL INVESTMENT CORP,6211.0,190.0
03761U50,8.4,8.56,2011-09-14,MFIC,MIDCAP FINANCIAL INVESTMENT CORP,6211.0,190.0
03761U50,8.59,8.5,2011-09-15,MFIC,MIDCAP FINANCIAL INVESTMENT CORP,6211.0,190.0
03761U50,8.37,8.63,2011-09-16,MFIC,MIDCAP FINANCIAL INVESTMENT CORP,6211.0,190.0
03761U50,8.07,8.19,2011-09-19,MFIC,MIDCAP FINANCIAL INVESTMENT CORP,6211.0,190.0
03761U50,7.89,8.12,2011-09-20,MFIC,MIDCAP FINANCIAL INVESTMENT CORP,6211.0,190.0
03761U50,7.51,7.9,2011-09-21,MFIC,MIDCAP FINANCIAL INVESTMENT CORP,6211.0,190.0
03761U50,7.49,7.3,2011-09-22,MFIC,MIDCAP FINANCIAL INVESTMENT CORP,6211.0,190.0
03761U50,7.55,7.49,2011-09-23,MFIC,MIDCAP FINANCIAL INVESTMENT CORP,6211.0,190.0
03761U50,7.75,7.65,2011-09-26,MFIC,MIDCAP FINANCIAL INVESTMENT CORP,6211.0,190.0
03761U50,7.89,7.95,2011-09-27,MFIC,MIDCAP FINANCIAL INVESTMENT CORP,6211.0,190.0
03761U50,7.44,7.92,2011-09-28,MFIC,MIDCAP FINANCIAL INVESTMENT CORP,6211.0,190.0
03761U50,7.98,7.67,2011-09-29,MFIC,MIDCAP FINANCIAL INVESTMENT CORP,6211.0,190.0
03761U50,7.515,7.8,2011-09-30,MFIC,MIDCAP FINANCIAL INVESTMENT CORP,6211.0,190.0
03761U50,7.1,7.48,2011-10-03,MFIC,MIDCAP FINANCIAL INVESTMENT CORP,6211.0,190.0
03761U50,7.54,7.06,2011-10-04,MFIC,MIDCAP FINANCIAL INVESTMENT CORP,6211.0,190.0
03761U50,7.45,7.54,2011-10-05,MFIC,MIDCAP FINANCIAL INVESTMENT CORP,6211.0,190.0
03761U50,7.65,7.56,2011-10-06,MFIC,MIDCAP FINANCIAL INVESTMENT CORP,6211.0,190.0
03761U50,7.47,7.74,2011-10-07,MFIC,MIDCAP FINANCIAL INVESTMENT CORP,6211.0,190.0
03761U50,7.91,7.66,2011-10-10,MFIC,MIDCAP FINANCIAL INVESTMENT CORP,6211.0,190.0
03761U50,7.74,7.81,2011-10-11,MFIC,MIDCAP FINANCIAL INVESTMENT CORP,6211.0,190.0
03761U50,7.89,7.85,2011-10-12,MFIC,MIDCAP FINANCIAL INVESTMENT CORP,6211.0,190.0
03761U50,7.9,7.82,2011-10-13,MFIC,MIDCAP FINANCIAL INVESTMENT CORP,6211.0,190.0
03761U50,8.03,8.0,2011-10-14,MFIC,MIDCAP FINANCIAL INVESTMENT CORP,6211.0,190.0
03761U50,7.7,8.0,2011-10-17,MFIC,MIDCAP FINANCIAL INVESTMENT CORP,6211.0,190.0
03761U50,7.98,7.75,2011-10-18,MFIC,MIDCAP FINANCIAL INVESTMENT CORP,6211.0,190.0
03761U50,7.74,7.98,2011-10-19,MFIC,MIDCAP FINANCIAL INVESTMENT CORP,6211.0,190.0
03761U50,7.71,7.76,2011-10-20,MFIC,MIDCAP FINANCIAL INVESTMENT CORP,6211.0,190.0
03761U50,7.83,7.84,2011-10-21,MFIC,MIDCAP FINANCIAL INVESTMENT CORP,6211.0,190.0
03761U50,7.97,7.75,2011-10-24,MFIC,MIDCAP FINANCIAL INVESTMENT CORP,6211.0,190.0
03761U50,7.75,7.96,2011-10-25,MFIC,MIDCAP FINANCIAL INVESTMENT CORP,6211.0,190.0
03761U50,7.91,7.91,2011-10-26,MFIC,MIDCAP FINANCIAL INVESTMENT CORP,6211.0,190.0
03761U50,8.52,8.24,2011-10-27,MFIC,MIDCAP FINANCIAL INVESTMENT CORP,6211.0,190.0
03761U50,8.55,8.55,2011-10-28,MFIC,MIDCAP FINANCIAL INVESTMENT CORP,6211.0,190.0
03761U50,8.28,8.46,2011-10-31,MFIC,MIDCAP FINANCIAL INVESTMENT CORP,6211.0,190.0
03761U50,7.8,7.97,2011-11-01,MFIC,MIDCAP FINANCIAL INVESTMENT CORP,6211.0,190.0
03761U50,8.01,7.98,2011-11-02,MFIC,MIDCAP FINANCIAL INVESTMENT CORP,6211.0,190.0
03761U50,8.41,8.2,2011-11-03,MFIC,MIDCAP FINANCIAL INVESTMENT CORP,6211.0,190.0
03761U50,8.12,8.0,2011-11-04,MFIC,MIDCAP FINANCIAL INVESTMENT CORP,6211.0,190.0
03761U50,7.89,8.03,2011-11-07,MFIC,MIDCAP FINANCIAL INVESTMENT CORP,6211.0,190.0
03761U50,7.93,7.95,2011-11-08,MFIC,MIDCAP FINANCIAL INVESTMENT CORP,6211.0,190.0
03761U50,7.5,7.78,2011-11-09,MFIC,MIDCAP FINANCIAL INVESTMENT CORP,6211.0,190.0
03761U50,7.73,7.56,2011-11-10,MFIC,MIDCAP FINANCIAL INVESTMENT CORP,6211.0,190.0
03761U50,7.63,7.83,2011-11-11,MFIC,MIDCAP FINANCIAL INVESTMENT CORP,6211.0,190.0
03761U50,7.56,7.58,2011-11-14,MFIC,MIDCAP FINANCIAL INVESTMENT CORP,6211.0,190.0
03761U50,7.52,7.54,2011-11-15,MFIC,MIDCAP FINANCIAL INVESTMENT CORP,6211.0,190.0
03761U50,7.39,7.42,2011-11-16,MFIC,MIDCAP FINANCIAL INVESTMENT CORP,6211.0,190.0
03761U50,7.22,7.4,2011-11-17,MFIC,MIDCAP FINANCIAL INVESTMENT CORP,6211.0,190.0
03761U50,7.34,7.25,2011-11-18,MFIC,MIDCAP FINANCIAL INVESTMENT CORP,6211.0,190.0
03761U50,7.12,7.21,2011-11-21,MFIC,MIDCAP FINANCIAL INVESTMENT CORP,6211.0,190.0
03761U50,7.1,7.13,2011-11-22,MFIC,MIDCAP FINANCIAL INVESTMENT CORP,6211.0,190.0
03761U50,6.82,7.05,2011-11-23,MFIC,MIDCAP FINANCIAL INVESTMENT CORP,6211.0,190.0
03761U50,6.66,6.86,2011-11-25,MFIC,MIDCAP FINANCIAL INVESTMENT CORP,6211.0,190.0
03761U50,6.94,6.9,2011-11-28,MFIC,MIDCAP FINANCIAL INVESTMENT CORP,6211.0,190.0
03761U50,6.8,6.98,2011-11-29,MFIC,MIDCAP FINANCIAL INVESTMENT CORP,6211.0,190.0
03761U50,7.21,7.11,2011-11-30,MFIC,MIDCAP FINANCIAL INVESTMENT CORP,6211.0,190.0
03761U50,7.19,7.17,2011-12-01,MFIC,MIDCAP FINANCIAL INVESTMENT CORP,6211.0,190.0
03761U50,7.18,7.26,2011-12-02,MFIC,MIDCAP FINANCIAL INVESTMENT CORP,6211.0,190.0
03761U50,7.25,7.31,2011-12-05,MFIC,MIDCAP FINANCIAL INVESTMENT CORP,6211.0,190.0
03761U50,7.25,7.26,2011-12-06,MFIC,MIDCAP FINANCIAL INVESTMENT CORP,6211.0,190.0
03761U50,7.38,7.22,2011-12-07,MFIC,MIDCAP FINANCIAL INVESTMENT CORP,6211.0,190.0
03761U50,6.95,7.31,2011-12-08,MFIC,MIDCAP FINANCIAL INVESTMENT CORP,6211.0,190.0
03761U50,7.07,7.04,2011-12-09,MFIC,MIDCAP FINANCIAL INVESTMENT CORP,6211.0,190.0
03761U50,6.86,7.02,2011-12-12,MFIC,MIDCAP FINANCIAL INVESTMENT CORP,6211.0,190.0
03761U50,6.48,6.7,2011-12-13,MFIC,MIDCAP FINANCIAL INVESTMENT CORP,6211.0,190.0
03761U50,6.29,6.42,2011-12-14,MFIC,MIDCAP FINANCIAL INVESTMENT CORP,6211.0,190.0
03761U50,6.3,6.36,2011-12-15,MFIC,MIDCAP FINANCIAL INVESTMENT CORP,6211.0,190.0
03761U50,6.22,6.34,2011-12-16,MFIC,MIDCAP FINANCIAL INVESTMENT CORP,6211.0,190.0
03761U50,5.99,6.24,2011-12-19,MFIC,MIDCAP FINANCIAL INVESTMENT CORP,6211.0,190.0
03761U50,6.345,6.12,2011-12-20,MFIC,MIDCAP FINANCIAL INVESTMENT CORP,6211.0,190.0
03761U50,6.42,6.33,2011-12-21,MFIC,MIDCAP FINANCIAL INVESTMENT CORP,6211.0,190.0
03761U50,6.55,6.45,2011-12-22,MFIC,MIDCAP FINANCIAL INVESTMENT CORP,6211.0,190.0
03761U50,6.58,6.56,2011-12-23,MFIC,MIDCAP FINANCIAL INVESTMENT CORP,6211.0,190.0
03761U50,6.54,6.55,2011-12-27,MFIC,MIDCAP FINANCIAL INVESTMENT CORP,6211.0,190.0
03761U50,6.45,6.54,2011-12-28,MFIC,MIDCAP FINANCIAL INVESTMENT CORP,6211.0,190.0
03761U50,6.48,6.5,2011-12-29,MFIC,MIDCAP FINANCIAL INVESTMENT CORP,6211.0,190.0
03761U50,6.44,6.46,2011-12-30,MFIC,MIDCAP FINANCIAL INVESTMENT CORP,6211.0,190.0
03761U50,6.7,6.64,2012-01-03,MFIC,MIDCAP FINANCIAL INVESTMENT CORP,6211.0,190.0
03761U50,6.67,6.73,2012-01-04,MFIC,MIDCAP FINANCIAL INVESTMENT CORP,6211.0,190.0
03761U50,6.86,6.64,2012-01-05,MFIC,MIDCAP FINANCIAL INVESTMENT CORP,6211.0,190.0
03761U50,6.86,6.86,2012-01-06,MFIC,MIDCAP FINANCIAL INVESTMENT CORP,6211.0,190.0
03761U50,6.84,6.89,2012-01-09,MFIC,MIDCAP FINANCIAL INVESTMENT CORP,6211.0,190.0
03761U50,7.04,6.91,2012-01-10,MFIC,MIDCAP FINANCIAL INVESTMENT CORP,6211.0,190.0
03761U50,7.06,6.99,2012-01-11,MFIC,MIDCAP FINANCIAL INVESTMENT CORP,6211.0,190.0
03761U50,7.07,7.08,2012-01-12,MFIC,MIDCAP FINANCIAL INVESTMENT CORP,6211.0,190.0
03761U50,7.07,7.02,2012-01-13,MFIC,MIDCAP FINANCIAL INVESTMENT CORP,6211.0,190.0
03761U50,7.18,7.19,2012-01-17,MFIC,MIDCAP FINANCIAL INVESTMENT CORP,6211.0,190.0
03761U50,7.44,7.2,2012-01-18,MFIC,MIDCAP FINANCIAL INVESTMENT CORP,6211.0,190.0
03761U50,7.53,7.44,2012-01-19,MFIC,MIDCAP FINANCIAL INVESTMENT CORP,6211.0,190.0
03761U50,7.59,7.51,2012-01-20,MFIC,MIDCAP FINANCIAL INVESTMENT CORP,6211.0,190.0
03761U50,7.5,7.62,2012-01-23,MFIC,MIDCAP FINANCIAL INVESTMENT CORP,6211.0,190.0
03761U50,7.52,7.41,2012-01-24,MFIC,MIDCAP FINANCIAL INVESTMENT CORP,6211.0,190.0
03761U50,7.76,7.51,2012-01-25,MFIC,MIDCAP FINANCIAL INVESTMENT CORP,6211.0,190.0
03761U50,7.53,7.8,2012-01-26,MFIC,MIDCAP FINANCIAL INVESTMENT CORP,6211.0,190.0
03761U50,7.53,7.51,2012-01-27,MFIC,MIDCAP FINANCIAL INVESTMENT CORP,6211.0,190.0
03761U50,7.5,7.44,2012-01-30,MFIC,MIDCAP FINANCIAL INVESTMENT CORP,6211.0,190.0
03761U50,7.705,7.57,2012-01-31,MFIC,MIDCAP FINANCIAL INVESTMENT CORP,6211.0,190.0
03761U50,7.88,7.76,2012-02-01,MFIC,MIDCAP FINANCIAL INVESTMENT CORP,6211.0,190.0
03761U50,7.805,7.89,2012-02-02,MFIC,MIDCAP FINANCIAL INVESTMENT CORP,6211.0,190.0
03761U50,8.0,7.91,2012-02-03,MFIC,MIDCAP FINANCIAL INVESTMENT CORP,6211.0,190.0
03761U50,7.96,7.98,2012-02-06,MFIC,MIDCAP FINANCIAL INVESTMENT CORP,6211.0,190.0
03761U50,7.94,7.92,2012-02-07,MFIC,MIDCAP FINANCIAL INVESTMENT CORP,6211.0,190.0
03761U50,7.11,7.38,2012-02-08,MFIC,MIDCAP FINANCIAL INVESTMENT CORP,6211.0,190.0
03761U50,7.05,7.03,2012-02-09,MFIC,MIDCAP FINANCIAL INVESTMENT CORP,6211.0,190.0
03761U50,7.03,7.04,2012-02-10,MFIC,MIDCAP FINANCIAL INVESTMENT CORP,6211.0,190.0
03761U50,7.21,7.1,2012-02-13,MFIC,MIDCAP FINANCIAL INVESTMENT CORP,6211.0,190.0
03761U50,7.19,7.27,2012-02-14,MFIC,MIDCAP FINANCIAL INVESTMENT CORP,6211.0,190.0
03761U50,7.09,7.03,2012-02-15,MFIC,MIDCAP FINANCIAL INVESTMENT CORP,6211.0,190.0
03761U50,7.19,7.06,2012-02-16,MFIC,MIDCAP FINANCIAL INVESTMENT CORP,6211.0,190.0
03761U50,7.2,7.2,2012-02-17,MFIC,MIDCAP FINANCIAL INVESTMENT CORP,6211.0,190.0
03761U50,7.15,7.17,2012-02-21,MFIC,MIDCAP FINANCIAL INVESTMENT CORP,6211.0,190.0
03761U50,7.07,7.15,2012-02-22,MFIC,MIDCAP FINANCIAL INVESTMENT CORP,6211.0,190.0
03761U50,7.23,7.06,2012-02-23,MFIC,MIDCAP FINANCIAL INVESTMENT CORP,6211.0,190.0
03761U50,7.11,7.21,2012-02-24,MFIC,MIDCAP FINANCIAL INVESTMENT CORP,6211.0,190.0
03761U50,7.11,7.09,2012-02-27,MFIC,MIDCAP FINANCIAL INVESTMENT CORP,6211.0,190.0
03761U50,7.13,7.11,2012-02-28,MFIC,MIDCAP FINANCIAL INVESTMENT CORP,6211.0,190.0
03761U50,7.02,7.13,2012-02-29,MFIC,MIDCAP FINANCIAL INVESTMENT CORP,6211.0,190.0
03761U50,7.1,7.08,2012-03-01,MFIC,MIDCAP FINANCIAL INVESTMENT CORP,6211.0,190.0
03761U50,7.06,7.09,2012-03-02,MFIC,MIDCAP FINANCIAL INVESTMENT CORP,6211.0,190.0
03761U50,7.06,7.01,2012-03-05,MFIC,MIDCAP FINANCIAL INVESTMENT CORP,6211.0,190.0
03761U50,6.805,6.98,2012-03-06,MFIC,MIDCAP FINANCIAL INVESTMENT CORP,6211.0,190.0
03761U50,7.08,6.82,2012-03-07,MFIC,MIDCAP FINANCIAL INVESTMENT CORP,6211.0,190.0
03761U50,7.055,7.11,2012-03-08,MFIC,MIDCAP FINANCIAL INVESTMENT CORP,6211.0,190.0
03761U50,7.08,7.06,2012-03-09,MFIC,MIDCAP FINANCIAL INVESTMENT CORP,6211.0,190.0
03761U50,7.03,7.0,2012-03-12,MFIC,MIDCAP FINANCIAL INVESTMENT CORP,6211.0,190.0
03761U50,7.17,7.09,2012-03-13,MFIC,MIDCAP FINANCIAL INVESTMENT CORP,6211.0,190.0
03761U50,7.13,7.05,2012-03-14,MFIC,MIDCAP FINANCIAL INVESTMENT CORP,6211.0,190.0
03761U50,7.14,7.12,2012-03-15,MFIC,MIDCAP FINANCIAL INVESTMENT CORP,6211.0,190.0
03761U50,7.07,7.14,2012-03-16,MFIC,MIDCAP FINANCIAL INVESTMENT CORP,6211.0,190.0
03761U50,7.04,7.07,2012-03-19,MFIC,MIDCAP FINANCIAL INVESTMENT CORP,6211.0,190.0
03761U50,7.01,7.01,2012-03-20,MFIC,MIDCAP FINANCIAL INVESTMENT CORP,6211.0,190.0
03761U50,6.97,7.02,2012-03-21,MFIC,MIDCAP FINANCIAL INVESTMENT CORP,6211.0,190.0
03761U50,6.84,6.91,2012-03-22,MFIC,MIDCAP FINANCIAL INVESTMENT CORP,6211.0,190.0
03761U50,6.87,6.89,2012-03-23,MFIC,MIDCAP FINANCIAL INVESTMENT CORP,6211.0,190.0
03761U50,6.96,6.93,2012-03-26,MFIC,MIDCAP FINANCIAL INVESTMENT CORP,6211.0,190.0
03761U50,6.92,6.95,2012-03-27,MFIC,MIDCAP FINANCIAL INVESTMENT CORP,6211.0,190.0
03761U50,6.94,6.9,2012-03-28,MFIC,MIDCAP FINANCIAL INVESTMENT CORP,6211.0,190.0
03761U50,7.11,7.02,2012-03-29,MFIC,MIDCAP FINANCIAL INVESTMENT CORP,6211.0,190.0
03761U50,7.17,7.13,2012-03-30,MFIC,MIDCAP FINANCIAL INVESTMENT CORP,6211.0,190.0
03761U50,7.44,7.24,2012-04-02,MFIC,MIDCAP FINANCIAL INVESTMENT CORP,6211.0,190.0
03761U50,7.5,7.52,2012-04-03,MFIC,MIDCAP FINANCIAL INVESTMENT CORP,6211.0,190.0
03761U50,7.34,7.41,2012-04-04,MFIC,MIDCAP FINANCIAL INVESTMENT CORP,6211.0,190.0
03761U50,7.3,7.32,2012-04-05,MFIC,MIDCAP FINANCIAL INVESTMENT CORP,6211.0,190.0
03761U50,7.28,7.17,2012-04-09,MFIC,MIDCAP FINANCIAL INVESTMENT CORP,6211.0,190.0
03761U50,7.16,7.39,2012-04-10,MFIC,MIDCAP FINANCIAL INVESTMENT CORP,6211.0,190.0
03761U50,7.17,7.28,2012-04-11,MFIC,MIDCAP FINANCIAL INVESTMENT CORP,6211.0,190.0
03761U50,7.33,7.17,2012-04-12,MFIC,MIDCAP FINANCIAL INVESTMENT CORP,6211.0,190.0
03761U50,7.135,7.29,2012-04-13,MFIC,MIDCAP FINANCIAL INVESTMENT CORP,6211.0,190.0
03761U50,7.15,7.16,2012-04-16,MFIC,MIDCAP FINANCIAL INVESTMENT CORP,6211.0,190.0
03761U50,7.32,7.22,2012-04-17,MFIC,MIDCAP FINANCIAL INVESTMENT CORP,6211.0,190.0
03761U50,7.24,7.25,2012-04-18,MFIC,MIDCAP FINANCIAL INVESTMENT CORP,6211.0,190.0
03761U50,7.2,7.25,2012-04-19,MFIC,MIDCAP FINANCIAL INVESTMENT CORP,6211.0,190.0
03761U50,7.19,7.28,2012-04-20,MFIC,MIDCAP FINANCIAL INVESTMENT CORP,6211.0,190.0
03761U50,7.13,7.1,2012-04-23,MFIC,MIDCAP FINANCIAL INVESTMENT CORP,6211.0,190.0
03761U50,7.24,7.11,2012-04-24,MFIC,MIDCAP FINANCIAL INVESTMENT CORP,6211.0,190.0
03761U50,7.35,7.31,2012-04-25,MFIC,MIDCAP FINANCIAL INVESTMENT CORP,6211.0,190.0
03761U50,7.36,7.32,2012-04-26,MFIC,MIDCAP FINANCIAL INVESTMENT CORP,6211.0,190.0
03761U50,7.35,7.4,2012-04-27,MFIC,MIDCAP FINANCIAL INVESTMENT CORP,6211.0,190.0
03761U50,7.25,7.32,2012-04-30,MFIC,MIDCAP FINANCIAL INVESTMENT CORP,6211.0,190.0
03761U50,7.16,7.29,2012-05-01,MFIC,MIDCAP FINANCIAL INVESTMENT CORP,6211.0,190.0
03761U50,7.24,7.13,2012-05-02,MFIC,MIDCAP FINANCIAL INVESTMENT CORP,6211.0,190.0
03761U50,7.16,7.24,2012-05-03,MFIC,MIDCAP FINANCIAL INVESTMENT CORP,6211.0,190.0
03761U50,7.04,7.13,2012-05-04,MFIC,MIDCAP FINANCIAL INVESTMENT CORP,6211.0,190.0
03761U50,7.06,7.01,2012-05-07,MFIC,MIDCAP FINANCIAL INVESTMENT CORP,6211.0,190.0
03761U50,7.13,7.03,2012-05-08,MFIC,MIDCAP FINANCIAL INVESTMENT CORP,6211.0,190.0
03761U50,7.16,7.03,2012-05-09,MFIC,MIDCAP FINANCIAL INVESTMENT CORP,6211.0,190.0
03761U50,7.21,7.24,2012-05-10,MFIC,MIDCAP FINANCIAL INVESTMENT CORP,6211.0,190.0
03761U50,7.22,7.21,2012-05-11,MFIC,MIDCAP FINANCIAL INVESTMENT CORP,6211.0,190.0
03761U50,7.12,7.13,2012-05-14,MFIC,MIDCAP FINANCIAL INVESTMENT CORP,6211.0,190.0
03761U50,7.06,7.12,2012-05-15,MFIC,MIDCAP FINANCIAL INVESTMENT CORP,6211.0,190.0
03761U50,7.01,7.11,2012-05-16,MFIC,MIDCAP FINANCIAL INVESTMENT CORP,6211.0,190.0
03761U50,6.83,7.0,2012-05-17,MFIC,MIDCAP FINANCIAL INVESTMENT CORP,6211.0,190.0
03761U50,6.59,6.82,2012-05-18,MFIC,MIDCAP FINANCIAL INVESTMENT CORP,6211.0,190.0
03761U50,6.76,6.56,2012-05-21,MFIC,MIDCAP FINANCIAL INVESTMENT CORP,6211.0,190.0
03761U50,6.81,6.78,2012-05-22,MFIC,MIDCAP FINANCIAL INVESTMENT CORP,6211.0,190.0
03761U50,7.21,6.76,2012-05-23,MFIC,MIDCAP FINANCIAL INVESTMENT CORP,6211.0,190.0
03761U50,7.49,7.25,2012-05-24,MFIC,MIDCAP FINANCIAL INVESTMENT CORP,6211.0,190.0
03761U50,7.46,7.48,2012-05-25,MFIC,MIDCAP FINANCIAL INVESTMENT CORP,6211.0,190.0
03761U50,7.5,7.44,2012-05-29,MFIC,MIDCAP FINANCIAL INVESTMENT CORP,6211.0,190.0
03761U50,7.42,7.5,2012-05-30,MFIC,MIDCAP FINANCIAL INVESTMENT CORP,6211.0,190.0
03761U50,7.44,7.44,2012-05-31,MFIC,MIDCAP FINANCIAL INVESTMENT CORP,6211.0,190.0
03761U50,7.27,7.29,2012-06-01,MFIC,MIDCAP FINANCIAL INVESTMENT CORP,6211.0,190.0
03761U50,7.21,7.29,2012-06-04,MFIC,MIDCAP FINANCIAL INVESTMENT CORP,6211.0,190.0
03761U50,7.46,7.25,2012-06-05,MFIC,MIDCAP FINANCIAL INVESTMENT CORP,6211.0,190.0
03761U50,7.63,7.5,2012-06-06,MFIC,MIDCAP FINANCIAL INVESTMENT CORP,6211.0,190.0
03761U50,7.51,7.75,2012-06-07,MFIC,MIDCAP FINANCIAL INVESTMENT CORP,6211.0,190.0
03761U50,7.58,7.51,2012-06-08,MFIC,MIDCAP FINANCIAL INVESTMENT CORP,6211.0,190.0
03761U50,7.59,7.67,2012-06-11,MFIC,MIDCAP FINANCIAL INVESTMENT CORP,6211.0,190.0
03761U50,7.48,7.37,2012-06-12,MFIC,MIDCAP FINANCIAL INVESTMENT CORP,6211.0,190.0
03761U50,7.42,7.45,2012-06-13,MFIC,MIDCAP FINANCIAL INVESTMENT CORP,6211.0,190.0
03761U50,7.49,7.42,2012-06-14,MFIC,MIDCAP FINANCIAL INVESTMENT CORP,6211.0,190.0
03761U50,7.51,7.49,2012-06-15,MFIC,MIDCAP FINANCIAL INVESTMENT CORP,6211.0,190.0
03761U50,7.42,7.42,2012-06-18,MFIC,MIDCAP FINANCIAL INVESTMENT CORP,6211.0,190.0
03761U50,7.6,7.43,2012-06-19,MFIC,MIDCAP FINANCIAL INVESTMENT CORP,6211.0,190.0
03761U50,7.51,7.56,2012-06-20,MFIC,MIDCAP FINANCIAL INVESTMENT CORP,6211.0,190.0
03761U50,7.48,7.52,2012-06-21,MFIC,MIDCAP FINANCIAL INVESTMENT CORP,6211.0,190.0
03761U50,7.53,7.5,2012-06-22,MFIC,MIDCAP FINANCIAL INVESTMENT CORP,6211.0,190.0
03761U50,7.44,7.41,2012-06-25,MFIC,MIDCAP FINANCIAL INVESTMENT CORP,6211.0,190.0
03761U50,7.44,7.42,2012-06-26,MFIC,MIDCAP FINANCIAL INVESTMENT CORP,6211.0,190.0
03761U50,7.56,7.48,2012-06-27,MFIC,MIDCAP FINANCIAL INVESTMENT CORP,6211.0,190.0
03761U50,7.55,7.5,2012-06-28,MFIC,MIDCAP FINANCIAL INVESTMENT CORP,6211.0,190.0
03761U50,7.67,7.7,2012-06-29,MFIC,MIDCAP FINANCIAL INVESTMENT CORP,6211.0,190.0
03761U50,7.77,7.66,2012-07-02,MFIC,MIDCAP FINANCIAL INVESTMENT CORP,6211.0,190.0
03761U50,7.75,7.75,2012-07-03,MFIC,MIDCAP FINANCIAL INVESTMENT CORP,6211.0,190.0
03761U50,7.89,7.79,2012-07-05,MFIC,MIDCAP FINANCIAL INVESTMENT CORP,6211.0,190.0
03761U50,7.885,7.83,2012-07-06,MFIC,MIDCAP FINANCIAL INVESTMENT CORP,6211.0,190.0
03761U50,7.91,7.91,2012-07-09,MFIC,MIDCAP FINANCIAL INVESTMENT CORP,6211.0,190.0
03761U50,7.95,7.94,2012-07-10,MFIC,MIDCAP FINANCIAL INVESTMENT CORP,6211.0,190.0
03761U50,7.97,7.94,2012-07-11,MFIC,MIDCAP FINANCIAL INVESTMENT CORP,6211.0,190.0
03761U50,7.91,7.92,2012-07-12,MFIC,MIDCAP FINANCIAL INVESTMENT CORP,6211.0,190.0
03761U50,8.01,7.95,2012-07-13,MFIC,MIDCAP FINANCIAL INVESTMENT CORP,6211.0,190.0
03761U50,8.05,8.0,2012-07-16,MFIC,MIDCAP FINANCIAL INVESTMENT CORP,6211.0,190.0
03761U50,8.01,8.08,2012-07-17,MFIC,MIDCAP FINANCIAL INVESTMENT CORP,6211.0,190.0
03761U50,7.93,7.97,2012-07-18,MFIC,MIDCAP FINANCIAL INVESTMENT CORP,6211.0,190.0
03761U50,7.94,7.98,2012-07-19,MFIC,MIDCAP FINANCIAL INVESTMENT CORP,6211.0,190.0
03761U50,7.82,7.9,2012-07-20,MFIC,MIDCAP FINANCIAL INVESTMENT CORP,6211.0,190.0
03761U50,7.79,7.73,2012-07-23,MFIC,MIDCAP FINANCIAL INVESTMENT CORP,6211.0,190.0
03761U50,7.62,7.8,2012-07-24,MFIC,MIDCAP FINANCIAL INVESTMENT CORP,6211.0,190.0
03761U50,7.65,7.68,2012-07-25,MFIC,MIDCAP FINANCIAL INVESTMENT CORP,6211.0,190.0
03761U50,7.72,7.75,2012-07-26,MFIC,MIDCAP FINANCIAL INVESTMENT CORP,6211.0,190.0
03761U50,7.86,7.78,2012-07-27,MFIC,MIDCAP FINANCIAL INVESTMENT CORP,6211.0,190.0
03761U50,7.87,7.85,2012-07-30,MFIC,MIDCAP FINANCIAL INVESTMENT CORP,6211.0,190.0
03761U50,7.68,7.86,2012-07-31,MFIC,MIDCAP FINANCIAL INVESTMENT CORP,6211.0,190.0
03761U50,7.64,7.74,2012-08-01,MFIC,MIDCAP FINANCIAL INVESTMENT CORP,6211.0,190.0
03761U50,7.67,7.61,2012-08-02,MFIC,MIDCAP FINANCIAL INVESTMENT CORP,6211.0,190.0
03761U50,7.88,7.75,2012-08-03,MFIC,MIDCAP FINANCIAL INVESTMENT CORP,6211.0,190.0
03761U50,7.95,7.9,2012-08-06,MFIC,MIDCAP FINANCIAL INVESTMENT CORP,6211.0,190.0
03761U50,7.88,8.0,2012-08-07,MFIC,MIDCAP FINANCIAL INVESTMENT CORP,6211.0,190.0
03761U50,7.57,7.78,2012-08-08,MFIC,MIDCAP FINANCIAL INVESTMENT CORP,6211.0,190.0
03761U50,7.61,7.59,2012-08-09,MFIC,MIDCAP FINANCIAL INVESTMENT CORP,6211.0,190.0
03761U50,7.73,7.6,2012-08-10,MFIC,MIDCAP FINANCIAL INVESTMENT CORP,6211.0,190.0
03761U50,7.78,7.73,2012-08-13,MFIC,MIDCAP FINANCIAL INVESTMENT CORP,6211.0,190.0
03761U50,7.7,7.78,2012-08-14,MFIC,MIDCAP FINANCIAL INVESTMENT CORP,6211.0,190.0
03761U50,7.73,7.7,2012-08-15,MFIC,MIDCAP FINANCIAL INVESTMENT CORP,6211.0,190.0
03761U50,7.74,7.75,2012-08-16,MFIC,MIDCAP FINANCIAL INVESTMENT CORP,6211.0,190.0
03761U50,7.77,7.76,2012-08-17,MFIC,MIDCAP FINANCIAL INVESTMENT CORP,6211.0,190.0
03761U50,7.76,7.75,2012-08-20,MFIC,MIDCAP FINANCIAL INVESTMENT CORP,6211.0,190.0
03761U50,7.88,7.82,2012-08-21,MFIC,MIDCAP FINANCIAL INVESTMENT CORP,6211.0,190.0
03761U50,7.98,7.85,2012-08-22,MFIC,MIDCAP FINANCIAL INVESTMENT CORP,6211.0,190.0
03761U50,7.89,7.92,2012-08-23,MFIC,MIDCAP FINANCIAL INVESTMENT CORP,6211.0,190.0
03761U50,7.91,7.85,2012-08-24,MFIC,MIDCAP FINANCIAL INVESTMENT CORP,6211.0,190.0
03761U50,7.87,7.96,2012-08-27,MFIC,MIDCAP FINANCIAL INVESTMENT CORP,6211.0,190.0
03761U50,8.015,7.89,2012-08-28,MFIC,MIDCAP FINANCIAL INVESTMENT CORP,6211.0,190.0
03761U50,8.09,8.01,2012-08-29,MFIC,MIDCAP FINANCIAL INVESTMENT CORP,6211.0,190.0
03761U50,8.02,8.07,2012-08-30,MFIC,MIDCAP FINANCIAL INVESTMENT CORP,6211.0,190.0
03761U50,8.02,8.07,2012-08-31,MFIC,MIDCAP FINANCIAL INVESTMENT CORP,6211.0,190.0
03761U50,8.1,8.05,2012-09-04,MFIC,MIDCAP FINANCIAL INVESTMENT CORP,6211.0,190.0
03761U50,8.18,8.15,2012-09-05,MFIC,MIDCAP FINANCIAL INVESTMENT CORP,6211.0,190.0
03761U50,8.2,8.25,2012-09-06,MFIC,MIDCAP FINANCIAL INVESTMENT CORP,6211.0,190.0
03761U50,8.19,8.25,2012-09-07,MFIC,MIDCAP FINANCIAL INVESTMENT CORP,6211.0,190.0
03761U50,8.19,8.11,2012-09-10,MFIC,MIDCAP FINANCIAL INVESTMENT CORP,6211.0,190.0
03761U50,8.08,8.0,2012-09-11,MFIC,MIDCAP FINANCIAL INVESTMENT CORP,6211.0,190.0
03761U50,8.09,8.06,2012-09-12,MFIC,MIDCAP FINANCIAL INVESTMENT CORP,6211.0,190.0
03761U50,8.2,8.09,2012-09-13,MFIC,MIDCAP FINANCIAL INVESTMENT CORP,6211.0,190.0
03761U50,8.3,8.11,2012-09-14,MFIC,MIDCAP FINANCIAL INVESTMENT CORP,6211.0,190.0
03761U50,8.19,8.26,2012-09-17,MFIC,MIDCAP FINANCIAL INVESTMENT CORP,6211.0,190.0
03761U50,8.08,8.2,2012-09-18,MFIC,MIDCAP FINANCIAL INVESTMENT CORP,6211.0,190.0
03761U50,8.14,8.1,2012-09-19,MFIC,MIDCAP FINANCIAL INVESTMENT CORP,6211.0,190.0
03761U50,8.04,8.12,2012-09-20,MFIC,MIDCAP FINANCIAL INVESTMENT CORP,6211.0,190.0
03761U50,8.0,8.13,2012-09-21,MFIC,MIDCAP FINANCIAL INVESTMENT CORP,6211.0,190.0
03761U50,8.03,8.0,2012-09-24,MFIC,MIDCAP FINANCIAL INVESTMENT CORP,6211.0,190.0
03761U50,7.735,8.06,2012-09-25,MFIC,MIDCAP FINANCIAL INVESTMENT CORP,6211.0,190.0
03761U50,7.68,7.75,2012-09-26,MFIC,MIDCAP FINANCIAL INVESTMENT CORP,6211.0,190.0
03761U50,7.74,7.68,2012-09-27,MFIC,MIDCAP FINANCIAL INVESTMENT CORP,6211.0,190.0
03761U50,7.88,7.7,2012-09-28,MFIC,MIDCAP FINANCIAL INVESTMENT CORP,6211.0,190.0
03761U50,7.74,7.93,2012-10-01,MFIC,MIDCAP FINANCIAL INVESTMENT CORP,6211.0,190.0
03761U50,7.81,7.76,2012-10-02,MFIC,MIDCAP FINANCIAL INVESTMENT CORP,6211.0,190.0
03761U50,7.78,7.81,2012-10-03,MFIC,MIDCAP FINANCIAL INVESTMENT CORP,6211.0,190.0
03761U50,8.085,7.84,2012-10-04,MFIC,MIDCAP FINANCIAL INVESTMENT CORP,6211.0,190.0
03761U50,8.11,8.1,2012-10-05,MFIC,MIDCAP FINANCIAL INVESTMENT CORP,6211.0,190.0
03761U50,8.05,8.05,2012-10-08,MFIC,MIDCAP FINANCIAL INVESTMENT CORP,6211.0,190.0
03761U50,7.99,8.06,2012-10-09,MFIC,MIDCAP FINANCIAL INVESTMENT CORP,6211.0,190.0
03761U50,7.92,7.98,2012-10-10,MFIC,MIDCAP FINANCIAL INVESTMENT CORP,6211.0,190.0
03761U50,7.98,7.97,2012-10-11,MFIC,MIDCAP FINANCIAL INVESTMENT CORP,6211.0,190.0
03761U50,7.84,7.98,2012-10-12,MFIC,MIDCAP FINANCIAL INVESTMENT CORP,6211.0,190.0
03761U50,7.85,7.82,2012-10-15,MFIC,MIDCAP FINANCIAL INVESTMENT CORP,6211.0,190.0
03761U50,7.95,7.91,2012-10-16,MFIC,MIDCAP FINANCIAL INVESTMENT CORP,6211.0,190.0
03761U50,7.93,7.99,2012-10-17,MFIC,MIDCAP FINANCIAL INVESTMENT CORP,6211.0,190.0
03761U50,8.015,7.94,2012-10-18,MFIC,MIDCAP FINANCIAL INVESTMENT CORP,6211.0,190.0
03761U50,7.94,7.97,2012-10-19,MFIC,MIDCAP FINANCIAL INVESTMENT CORP,6211.0,190.0
03761U50,7.98,7.95,2012-10-22,MFIC,MIDCAP FINANCIAL INVESTMENT CORP,6211.0,190.0
03761U50,7.83,7.9,2012-10-23,MFIC,MIDCAP FINANCIAL INVESTMENT CORP,6211.0,190.0
03761U50,7.81,7.77,2012-10-24,MFIC,MIDCAP FINANCIAL INVESTMENT CORP,6211.0,190.0
03761U50,7.92,7.87,2012-10-25,MFIC,MIDCAP FINANCIAL INVESTMENT CORP,6211.0,190.0
03761U50,7.9,7.94,2012-10-26,MFIC,MIDCAP FINANCIAL INVESTMENT CORP,6211.0,190.0
03761U50,7.95,7.88,2012-10-31,MFIC,MIDCAP FINANCIAL INVESTMENT CORP,6211.0,190.0
03761U50,8.1,7.98,2012-11-01,MFIC,MIDCAP FINANCIAL INVESTMENT CORP,6211.0,190.0
03761U50,7.91,8.12,2012-11-02,MFIC,MIDCAP FINANCIAL INVESTMENT CORP,6211.0,190.0
03761U50,7.97,7.9,2012-11-05,MFIC,MIDCAP FINANCIAL INVESTMENT CORP,6211.0,190.0
03761U50,8.06,8.02,2012-11-06,MFIC,MIDCAP FINANCIAL INVESTMENT CORP,6211.0,190.0
03761U50,7.82,7.97,2012-11-07,MFIC,MIDCAP FINANCIAL INVESTMENT CORP,6211.0,190.0
03761U50,7.79,7.93,2012-11-08,MFIC,MIDCAP FINANCIAL INVESTMENT CORP,6211.0,190.0
03761U50,7.72,7.79,2012-11-09,MFIC,MIDCAP FINANCIAL INVESTMENT CORP,6211.0,190.0
03761U50,7.7,7.76,2012-11-12,MFIC,MIDCAP FINANCIAL INVESTMENT CORP,6211.0,190.0
03761U50,7.63,7.68,2012-11-13,MFIC,MIDCAP FINANCIAL INVESTMENT CORP,6211.0,190.0
03761U50,7.285,7.67,2012-11-14,MFIC,MIDCAP FINANCIAL INVESTMENT CORP,6211.0,190.0
03761U50,7.58,7.27,2012-11-15,MFIC,MIDCAP FINANCIAL INVESTMENT CORP,6211.0,190.0
03761U50,7.73,7.56,2012-11-16,MFIC,MIDCAP FINANCIAL INVESTMENT CORP,6211.0,190.0
03761U50,8.0,7.8,2012-11-19,MFIC,MIDCAP FINANCIAL INVESTMENT CORP,6211.0,190.0
03761U50,7.98,7.97,2012-11-20,MFIC,MIDCAP FINANCIAL INVESTMENT CORP,6211.0,190.0
03761U50,8.02,8.0,2012-11-21,MFIC,MIDCAP FINANCIAL INVESTMENT CORP,6211.0,190.0
03761U50,8.03,8.04,2012-11-23,MFIC,MIDCAP FINANCIAL INVESTMENT CORP,6211.0,190.0
03761U50,8.075,8.02,2012-11-26,MFIC,MIDCAP FINANCIAL INVESTMENT CORP,6211.0,190.0
03761U50,8.15,8.07,2012-11-27,MFIC,MIDCAP FINANCIAL INVESTMENT CORP,6211.0,190.0
03761U50,8.11,8.14,2012-11-28,MFIC,MIDCAP FINANCIAL INVESTMENT CORP,6211.0,190.0
03761U50,8.12,8.15,2012-11-29,MFIC,MIDCAP FINANCIAL INVESTMENT CORP,6211.0,190.0
03761U50,8.11,8.17,2012-11-30,MFIC,MIDCAP FINANCIAL INVESTMENT CORP,6211.0,190.0
03761U50,8.11,8.15,2012-12-03,MFIC,MIDCAP FINANCIAL INVESTMENT CORP,6211.0,190.0
03761U50,8.11,8.1,2012-12-04,MFIC,MIDCAP FINANCIAL INVESTMENT CORP,6211.0,190.0
03761U50,8.1,8.15,2012-12-05,MFIC,MIDCAP FINANCIAL INVESTMENT CORP,6211.0,190.0
03761U50,8.25,8.07,2012-12-06,MFIC,MIDCAP FINANCIAL INVESTMENT CORP,6211.0,190.0
03761U50,8.21,8.26,2012-12-07,MFIC,MIDCAP FINANCIAL INVESTMENT CORP,6211.0,190.0
03761U50,8.3,8.22,2012-12-10,MFIC,MIDCAP FINANCIAL INVESTMENT CORP,6211.0,190.0
03761U50,8.28,8.32,2012-12-11,MFIC,MIDCAP FINANCIAL INVESTMENT CORP,6211.0,190.0
03761U50,8.26,8.3,2012-12-12,MFIC,MIDCAP FINANCIAL INVESTMENT CORP,6211.0,190.0
03761U50,8.28,8.25,2012-12-13,MFIC,MIDCAP FINANCIAL INVESTMENT CORP,6211.0,190.0
03761U50,8.18,8.04,2012-12-14,MFIC,MIDCAP FINANCIAL INVESTMENT CORP,6211.0,190.0
03761U50,8.205,8.23,2012-12-17,MFIC,MIDCAP FINANCIAL INVESTMENT CORP,6211.0,190.0
03761U50,8.32,8.21,2012-12-18,MFIC,MIDCAP FINANCIAL INVESTMENT CORP,6211.0,190.0
03761U50,8.42,8.31,2012-12-19,MFIC,MIDCAP FINANCIAL INVESTMENT CORP,6211.0,190.0
03761U50,8.47,8.44,2012-12-20,MFIC,MIDCAP FINANCIAL INVESTMENT CORP,6211.0,190.0
03761U50,8.45,8.44,2012-12-21,MFIC,MIDCAP FINANCIAL INVESTMENT CORP,6211.0,190.0
03761U50,8.36,8.48,2012-12-24,MFIC,MIDCAP FINANCIAL INVESTMENT CORP,6211.0,190.0
03761U50,8.38,8.35,2012-12-26,MFIC,MIDCAP FINANCIAL INVESTMENT CORP,6211.0,190.0
03761U50,8.31,8.37,2012-12-27,MFIC,MIDCAP FINANCIAL INVESTMENT CORP,6211.0,190.0
03761U50,8.28,8.29,2012-12-28,MFIC,MIDCAP FINANCIAL INVESTMENT CORP,6211.0,190.0
03761U50,8.36,8.26,2012-12-31,MFIC,MIDCAP FINANCIAL INVESTMENT CORP,6211.0,190.0
03761U50,8.49,8.56,2013-01-02,MFIC,MIDCAP FINANCIAL INVESTMENT CORP,6211.0,190.0
03761U50,8.45,8.51,2013-01-03,MFIC,MIDCAP FINANCIAL INVESTMENT CORP,6211.0,190.0
03761U50,8.61,8.52,2013-01-04,MFIC,MIDCAP FINANCIAL INVESTMENT CORP,6211.0,190.0
03761U50,8.6197,8.59,2013-01-07,MFIC,MIDCAP FINANCIAL INVESTMENT CORP,6211.0,190.0
03761U50,8.75,8.62,2013-01-08,MFIC,MIDCAP FINANCIAL INVESTMENT CORP,6211.0,190.0
03761U50,8.95,8.75,2013-01-09,MFIC,MIDCAP FINANCIAL INVESTMENT CORP,6211.0,190.0
03761U50,8.96,8.97,2013-01-10,MFIC,MIDCAP FINANCIAL INVESTMENT CORP,6211.0,190.0
03761U50,8.92,8.98,2013-01-11,MFIC,MIDCAP FINANCIAL INVESTMENT CORP,6211.0,190.0
03761U50,8.91,8.93,2013-01-14,MFIC,MIDCAP FINANCIAL INVESTMENT CORP,6211.0,190.0
03761U50,8.77,8.71,2013-01-15,MFIC,MIDCAP FINANCIAL INVESTMENT CORP,6211.0,190.0
03761U50,8.76,8.74,2013-01-16,MFIC,MIDCAP FINANCIAL INVESTMENT CORP,6211.0,190.0
03761U50,8.88,8.81,2013-01-17,MFIC,MIDCAP FINANCIAL INVESTMENT CORP,6211.0,190.0
03761U50,8.9,8.84,2013-01-18,MFIC,MIDCAP FINANCIAL INVESTMENT CORP,6211.0,190.0
03761U50,8.97,8.93,2013-01-22,MFIC,MIDCAP FINANCIAL INVESTMENT CORP,6211.0,190.0
03761U50,8.98,8.98,2013-01-23,MFIC,MIDCAP FINANCIAL INVESTMENT CORP,6211.0,190.0
03761U50,8.9,8.97,2013-01-24,MFIC,MIDCAP FINANCIAL INVESTMENT CORP,6211.0,190.0
03761U50,8.81,8.91,2013-01-25,MFIC,MIDCAP FINANCIAL INVESTMENT CORP,6211.0,190.0
03761U50,8.82,8.81,2013-01-28,MFIC,MIDCAP FINANCIAL INVESTMENT CORP,6211.0,190.0
03761U50,8.94,8.85,2013-01-29,MFIC,MIDCAP FINANCIAL INVESTMENT CORP,6211.0,190.0
03761U50,8.86,8.96,2013-01-30,MFIC,MIDCAP FINANCIAL INVESTMENT CORP,6211.0,190.0
03761U50,9.0,8.89,2013-01-31,MFIC,MIDCAP FINANCIAL INVESTMENT CORP,6211.0,190.0
03761U50,8.995,9.06,2013-02-01,MFIC,MIDCAP FINANCIAL INVESTMENT CORP,6211.0,190.0
03761U50,8.93,8.97,2013-02-04,MFIC,MIDCAP FINANCIAL INVESTMENT CORP,6211.0,190.0
03761U50,9.01,8.98,2013-02-05,MFIC,MIDCAP FINANCIAL INVESTMENT CORP,6211.0,190.0
03761U50,8.39,8.9,2013-02-06,MFIC,MIDCAP FINANCIAL INVESTMENT CORP,6211.0,190.0
03761U50,8.23,8.33,2013-02-07,MFIC,MIDCAP FINANCIAL INVESTMENT CORP,6211.0,190.0
03761U50,8.28,8.22,2013-02-08,MFIC,MIDCAP FINANCIAL INVESTMENT CORP,6211.0,190.0
03761U50,8.33,8.3,2013-02-11,MFIC,MIDCAP FINANCIAL INVESTMENT CORP,6211.0,190.0
03761U50,8.31,8.35,2013-02-12,MFIC,MIDCAP FINANCIAL INVESTMENT CORP,6211.0,190.0
03761U50,8.4,8.31,2013-02-13,MFIC,MIDCAP FINANCIAL INVESTMENT CORP,6211.0,190.0
03761U50,8.53,8.38,2013-02-14,MFIC,MIDCAP FINANCIAL INVESTMENT CORP,6211.0,190.0
03761U50,8.54,8.59,2013-02-15,MFIC,MIDCAP FINANCIAL INVESTMENT CORP,6211.0,190.0
03761U50,8.6,8.55,2013-02-19,MFIC,MIDCAP FINANCIAL INVESTMENT CORP,6211.0,190.0
03761U50,8.395,8.6,2013-02-20,MFIC,MIDCAP FINANCIAL INVESTMENT CORP,6211.0,190.0
03761U50,8.23,8.4,2013-02-21,MFIC,MIDCAP FINANCIAL INVESTMENT CORP,6211.0,190.0
03761U50,8.4,8.32,2013-02-22,MFIC,MIDCAP FINANCIAL INVESTMENT CORP,6211.0,190.0
03761U50,8.31,8.48,2013-02-25,MFIC,MIDCAP FINANCIAL INVESTMENT CORP,6211.0,190.0
03761U50,8.4,8.32,2013-02-26,MFIC,MIDCAP FINANCIAL INVESTMENT CORP,6211.0,190.0
03761U50,8.56,8.39,2013-02-27,MFIC,MIDCAP FINANCIAL INVESTMENT CORP,6211.0,190.0
03761U50,8.69,8.71,2013-02-28,MFIC,MIDCAP FINANCIAL INVESTMENT CORP,6211.0,190.0
03761U50,8.68,8.64,2013-03-01,MFIC,MIDCAP FINANCIAL INVESTMENT CORP,6211.0,190.0
03761U50,8.72,8.69,2013-03-04,MFIC,MIDCAP FINANCIAL INVESTMENT CORP,6211.0,190.0
03761U50,8.79,8.78,2013-03-05,MFIC,MIDCAP FINANCIAL INVESTMENT CORP,6211.0,190.0
03761U50,8.75,8.79,2013-03-06,MFIC,MIDCAP FINANCIAL INVESTMENT CORP,6211.0,190.0
03761U50,8.75,8.77,2013-03-07,MFIC,MIDCAP FINANCIAL INVESTMENT CORP,6211.0,190.0
03761U50,8.78,8.82,2013-03-08,MFIC,MIDCAP FINANCIAL INVESTMENT CORP,6211.0,190.0
03761U50,8.82,8.8,2013-03-11,MFIC,MIDCAP FINANCIAL INVESTMENT CORP,6211.0,190.0
03761U50,8.74,8.77,2013-03-12,MFIC,MIDCAP FINANCIAL INVESTMENT CORP,6211.0,190.0
03761U50,8.79,8.77,2013-03-13,MFIC,MIDCAP FINANCIAL INVESTMENT CORP,6211.0,190.0
03761U50,8.835,8.82,2013-03-14,MFIC,MIDCAP FINANCIAL INVESTMENT CORP,6211.0,190.0
03761U50,8.73,8.84,2013-03-15,MFIC,MIDCAP FINANCIAL INVESTMENT CORP,6211.0,190.0
03761U50,8.65,8.68,2013-03-18,MFIC,MIDCAP FINANCIAL INVESTMENT CORP,6211.0,190.0
03761U50,8.35,8.49,2013-03-19,MFIC,MIDCAP FINANCIAL INVESTMENT CORP,6211.0,190.0
03761U50,8.43,8.42,2013-03-20,MFIC,MIDCAP FINANCIAL INVESTMENT CORP,6211.0,190.0
03761U50,8.46,8.39,2013-03-21,MFIC,MIDCAP FINANCIAL INVESTMENT CORP,6211.0,190.0
03761U50,8.49,8.49,2013-03-22,MFIC,MIDCAP FINANCIAL INVESTMENT CORP,6211.0,190.0
03761U50,8.55,8.54,2013-03-25,MFIC,MIDCAP FINANCIAL INVESTMENT CORP,6211.0,190.0
03761U50,8.36,8.38,2013-03-26,MFIC,MIDCAP FINANCIAL INVESTMENT CORP,6211.0,190.0
03761U50,8.4,8.3,2013-03-27,MFIC,MIDCAP FINANCIAL INVESTMENT CORP,6211.0,190.0
03761U50,8.36,8.43,2013-03-28,MFIC,MIDCAP FINANCIAL INVESTMENT CORP,6211.0,190.0
03761U50,8.28,8.36,2013-04-01,MFIC,MIDCAP FINANCIAL INVESTMENT CORP,6211.0,190.0
03761U50,8.425,8.33,2013-04-02,MFIC,MIDCAP FINANCIAL INVESTMENT CORP,6211.0,190.0
03761U50,8.22,8.45,2013-04-03,MFIC,MIDCAP FINANCIAL INVESTMENT CORP,6211.0,190.0
03761U50,8.305,8.29,2013-04-04,MFIC,MIDCAP FINANCIAL INVESTMENT CORP,6211.0,190.0
03761U50,8.27,8.2,2013-04-05,MFIC,MIDCAP FINANCIAL INVESTMENT CORP,6211.0,190.0
03761U50,8.35,8.32,2013-04-08,MFIC,MIDCAP FINANCIAL INVESTMENT CORP,6211.0,190.0
03761U50,8.32,8.34,2013-04-09,MFIC,MIDCAP FINANCIAL INVESTMENT CORP,6211.0,190.0
03761U50,8.5,8.37,2013-04-10,MFIC,MIDCAP FINANCIAL INVESTMENT CORP,6211.0,190.0
03761U50,8.38,8.5,2013-04-11,MFIC,MIDCAP FINANCIAL INVESTMENT CORP,6211.0,190.0
03761U50,8.29,8.32,2013-04-12,MFIC,MIDCAP FINANCIAL INVESTMENT CORP,6211.0,190.0
03761U50,8.06,8.27,2013-04-15,MFIC,MIDCAP FINANCIAL INVESTMENT CORP,6211.0,190.0
03761U50,8.24,8.17,2013-04-16,MFIC,MIDCAP FINANCIAL INVESTMENT CORP,6211.0,190.0
03761U50,8.11,8.21,2013-04-17,MFIC,MIDCAP FINANCIAL INVESTMENT CORP,6211.0,190.0
03761U50,8.15,8.17,2013-04-18,MFIC,MIDCAP FINANCIAL INVESTMENT CORP,6211.0,190.0
03761U50,8.3,8.16,2013-04-19,MFIC,MIDCAP FINANCIAL INVESTMENT CORP,6211.0,190.0
03761U50,8.38,8.33,2013-04-22,MFIC,MIDCAP FINANCIAL INVESTMENT CORP,6211.0,190.0
03761U50,8.42,8.44,2013-04-23,MFIC,MIDCAP FINANCIAL INVESTMENT CORP,6211.0,190.0
03761U50,8.43,8.43,2013-04-24,MFIC,MIDCAP FINANCIAL INVESTMENT CORP,6211.0,190.0
03761U50,8.53,8.46,2013-04-25,MFIC,MIDCAP FINANCIAL INVESTMENT CORP,6211.0,190.0
03761U50,8.63,8.53,2013-04-26,MFIC,MIDCAP FINANCIAL INVESTMENT CORP,6211.0,190.0
03761U50,8.72,8.63,2013-04-29,MFIC,MIDCAP FINANCIAL INVESTMENT CORP,6211.0,190.0
03761U50,8.81,8.74,2013-04-30,MFIC,MIDCAP FINANCIAL INVESTMENT CORP,6211.0,190.0
03761U50,8.6,8.82,2013-05-01,MFIC,MIDCAP FINANCIAL INVESTMENT CORP,6211.0,190.0
03761U50,8.77,8.61,2013-05-02,MFIC,MIDCAP FINANCIAL INVESTMENT CORP,6211.0,190.0
03761U50,8.77,8.86,2013-05-03,MFIC,MIDCAP FINANCIAL INVESTMENT CORP,6211.0,190.0
03761U50,8.72,8.79,2013-05-06,MFIC,MIDCAP FINANCIAL INVESTMENT CORP,6211.0,190.0
03761U50,8.74,8.71,2013-05-07,MFIC,MIDCAP FINANCIAL INVESTMENT CORP,6211.0,190.0
03761U50,8.83,8.69,2013-05-08,MFIC,MIDCAP FINANCIAL INVESTMENT CORP,6211.0,190.0
03761U50,8.74,8.79,2013-05-09,MFIC,MIDCAP FINANCIAL INVESTMENT CORP,6211.0,190.0
03761U50,8.73,8.74,2013-05-10,MFIC,MIDCAP FINANCIAL INVESTMENT CORP,6211.0,190.0
03761U50,8.79,8.76,2013-05-13,MFIC,MIDCAP FINANCIAL INVESTMENT CORP,6211.0,190.0
03761U50,8.87,8.84,2013-05-14,MFIC,MIDCAP FINANCIAL INVESTMENT CORP,6211.0,190.0
03761U50,8.67,8.51,2013-05-15,MFIC,MIDCAP FINANCIAL INVESTMENT CORP,6211.0,190.0
03761U50,8.73,8.65,2013-05-16,MFIC,MIDCAP FINANCIAL INVESTMENT CORP,6211.0,190.0
03761U50,8.73,8.74,2013-05-17,MFIC,MIDCAP FINANCIAL INVESTMENT CORP,6211.0,190.0
03761U50,8.81,8.74,2013-05-20,MFIC,MIDCAP FINANCIAL INVESTMENT CORP,6211.0,190.0
03761U50,8.76,8.75,2013-05-21,MFIC,MIDCAP FINANCIAL INVESTMENT CORP,6211.0,190.0
03761U50,8.54,8.71,2013-05-22,MFIC,MIDCAP FINANCIAL INVESTMENT CORP,6211.0,190.0
03761U50,8.665,8.51,2013-05-23,MFIC,MIDCAP FINANCIAL INVESTMENT CORP,6211.0,190.0
03761U50,8.58,8.65,2013-05-24,MFIC,MIDCAP FINANCIAL INVESTMENT CORP,6211.0,190.0
03761U50,8.42,8.68,2013-05-28,MFIC,MIDCAP FINANCIAL INVESTMENT CORP,6211.0,190.0
03761U50,8.33,8.36,2013-05-29,MFIC,MIDCAP FINANCIAL INVESTMENT CORP,6211.0,190.0
03761U50,8.37,8.33,2013-05-30,MFIC,MIDCAP FINANCIAL INVESTMENT CORP,6211.0,190.0
03761U50,8.29,8.35,2013-05-31,MFIC,MIDCAP FINANCIAL INVESTMENT CORP,6211.0,190.0
03761U50,8.145,8.31,2013-06-03,MFIC,MIDCAP FINANCIAL INVESTMENT CORP,6211.0,190.0
03761U50,7.98,8.13,2013-06-04,MFIC,MIDCAP FINANCIAL INVESTMENT CORP,6211.0,190.0
03761U50,7.96,7.99,2013-06-05,MFIC,MIDCAP FINANCIAL INVESTMENT CORP,6211.0,190.0
03761U50,7.99,7.98,2013-06-06,MFIC,MIDCAP FINANCIAL INVESTMENT CORP,6211.0,190.0
03761U50,8.07,8.09,2013-06-07,MFIC,MIDCAP FINANCIAL INVESTMENT CORP,6211.0,190.0
03761U50,8.15,8.08,2013-06-10,MFIC,MIDCAP FINANCIAL INVESTMENT CORP,6211.0,190.0
03761U50,8.03,8.12,2013-06-11,MFIC,MIDCAP FINANCIAL INVESTMENT CORP,6211.0,190.0
03761U50,8.03,8.06,2013-06-12,MFIC,MIDCAP FINANCIAL INVESTMENT CORP,6211.0,190.0
03761U50,8.06,7.98,2013-06-13,MFIC,MIDCAP FINANCIAL INVESTMENT CORP,6211.0,190.0
03761U50,8.11,8.15,2013-06-14,MFIC,MIDCAP FINANCIAL INVESTMENT CORP,6211.0,190.0
03761U50,8.02,8.14,2013-06-17,MFIC,MIDCAP FINANCIAL INVESTMENT CORP,6211.0,190.0
03761U50,7.94,7.83,2013-06-18,MFIC,MIDCAP FINANCIAL INVESTMENT CORP,6211.0,190.0
03761U50,7.8,7.96,2013-06-19,MFIC,MIDCAP FINANCIAL INVESTMENT CORP,6211.0,190.0
03761U50,7.615,7.71,2013-06-20,MFIC,MIDCAP FINANCIAL INVESTMENT CORP,6211.0,190.0
03761U50,7.56,7.64,2013-06-21,MFIC,MIDCAP FINANCIAL INVESTMENT CORP,6211.0,190.0
03761U50,7.37,7.49,2013-06-24,MFIC,MIDCAP FINANCIAL INVESTMENT CORP,6211.0,190.0
03761U50,7.495,7.48,2013-06-25,MFIC,MIDCAP FINANCIAL INVESTMENT CORP,6211.0,190.0
03761U50,7.58,7.57,2013-06-26,MFIC,MIDCAP FINANCIAL INVESTMENT CORP,6211.0,190.0
03761U50,7.74,7.6,2013-06-27,MFIC,MIDCAP FINANCIAL INVESTMENT CORP,6211.0,190.0
03761U50,7.74,7.73,2013-06-28,MFIC,MIDCAP FINANCIAL INVESTMENT CORP,6211.0,190.0
03761U50,7.8,7.73,2013-07-01,MFIC,MIDCAP FINANCIAL INVESTMENT CORP,6211.0,190.0
03761U50,7.81,7.82,2013-07-02,MFIC,MIDCAP FINANCIAL INVESTMENT CORP,6211.0,190.0
03761U50,7.78,7.8,2013-07-03,MFIC,MIDCAP FINANCIAL INVESTMENT CORP,6211.0,190.0
03761U50,7.93,8.0,2013-07-05,MFIC,MIDCAP FINANCIAL INVESTMENT CORP,6211.0,190.0
03761U50,7.99,7.93,2013-07-08,MFIC,MIDCAP FINANCIAL INVESTMENT CORP,6211.0,190.0
03761U50,8.07,8.01,2013-07-09,MFIC,MIDCAP FINANCIAL INVESTMENT CORP,6211.0,190.0
03761U50,8.08,8.09,2013-07-10,MFIC,MIDCAP FINANCIAL INVESTMENT CORP,6211.0,190.0
03761U50,8.135,8.14,2013-07-11,MFIC,MIDCAP FINANCIAL INVESTMENT CORP,6211.0,190.0
03761U50,8.14,8.15,2013-07-12,MFIC,MIDCAP FINANCIAL INVESTMENT CORP,6211.0,190.0
03761U50,8.2,8.16,2013-07-15,MFIC,MIDCAP FINANCIAL INVESTMENT CORP,6211.0,190.0
03761U50,8.17,8.22,2013-07-16,MFIC,MIDCAP FINANCIAL INVESTMENT CORP,6211.0,190.0
03761U50,8.18,8.22,2013-07-17,MFIC,MIDCAP FINANCIAL INVESTMENT CORP,6211.0,190.0
03761U50,8.2,8.23,2013-07-18,MFIC,MIDCAP FINANCIAL INVESTMENT CORP,6211.0,190.0
03761U50,8.24,8.23,2013-07-19,MFIC,MIDCAP FINANCIAL INVESTMENT CORP,6211.0,190.0
03761U50,8.24,8.23,2013-07-22,MFIC,MIDCAP FINANCIAL INVESTMENT CORP,6211.0,190.0
03761U50,8.27,8.24,2013-07-23,MFIC,MIDCAP FINANCIAL INVESTMENT CORP,6211.0,190.0
03761U50,8.155,8.29,2013-07-24,MFIC,MIDCAP FINANCIAL INVESTMENT CORP,6211.0,190.0
03761U50,8.24,8.12,2013-07-25,MFIC,MIDCAP FINANCIAL INVESTMENT CORP,6211.0,190.0
03761U50,8.24,8.21,2013-07-26,MFIC,MIDCAP FINANCIAL INVESTMENT CORP,6211.0,190.0
03761U50,8.11,8.2,2013-07-29,MFIC,MIDCAP FINANCIAL INVESTMENT CORP,6211.0,190.0
03761U50,8.13,8.16,2013-07-30,MFIC,MIDCAP FINANCIAL INVESTMENT CORP,6211.0,190.0
03761U50,8.13,8.15,2013-07-31,MFIC,MIDCAP FINANCIAL INVESTMENT CORP,6211.0,190.0
03761U50,8.175,8.2,2013-08-01,MFIC,MIDCAP FINANCIAL INVESTMENT CORP,6211.0,190.0
03761U50,8.19,8.14,2013-08-02,MFIC,MIDCAP FINANCIAL INVESTMENT CORP,6211.0,190.0
03761U50,8.1,8.14,2013-08-05,MFIC,MIDCAP FINANCIAL INVESTMENT CORP,6211.0,190.0
03761U50,7.97,8.1,2013-08-06,MFIC,MIDCAP FINANCIAL INVESTMENT CORP,6211.0,190.0
03761U50,7.93,7.97,2013-08-07,MFIC,MIDCAP FINANCIAL INVESTMENT CORP,6211.0,190.0
03761U50,8.055,8.04,2013-08-08,MFIC,MIDCAP FINANCIAL INVESTMENT CORP,6211.0,190.0
03761U50,8.07,8.05,2013-08-09,MFIC,MIDCAP FINANCIAL INVESTMENT CORP,6211.0,190.0
03761U50,8.1,8.06,2013-08-12,MFIC,MIDCAP FINANCIAL INVESTMENT CORP,6211.0,190.0
03761U50,8.05,8.09,2013-08-13,MFIC,MIDCAP FINANCIAL INVESTMENT CORP,6211.0,190.0
03761U50,7.98,8.02,2013-08-14,MFIC,MIDCAP FINANCIAL INVESTMENT CORP,6211.0,190.0
03761U50,7.83,7.94,2013-08-15,MFIC,MIDCAP FINANCIAL INVESTMENT CORP,6211.0,190.0
03761U50,7.85,7.81,2013-08-16,MFIC,MIDCAP FINANCIAL INVESTMENT CORP,6211.0,190.0
03761U50,7.77,7.87,2013-08-19,MFIC,MIDCAP FINANCIAL INVESTMENT CORP,6211.0,190.0
03761U50,7.98,7.8,2013-08-20,MFIC,MIDCAP FINANCIAL INVESTMENT CORP,6211.0,190.0
03761U50,7.84,7.97,2013-08-21,MFIC,MIDCAP FINANCIAL INVESTMENT CORP,6211.0,190.0
03761U50,7.99,7.86,2013-08-22,MFIC,MIDCAP FINANCIAL INVESTMENT CORP,6211.0,190.0
03761U50,7.97,7.99,2013-08-23,MFIC,MIDCAP FINANCIAL INVESTMENT CORP,6211.0,190.0
03761U50,7.99,7.98,2013-08-26,MFIC,MIDCAP FINANCIAL INVESTMENT CORP,6211.0,190.0
03761U50,7.89,7.93,2013-08-27,MFIC,MIDCAP FINANCIAL INVESTMENT CORP,6211.0,190.0
03761U50,7.89,7.91,2013-08-28,MFIC,MIDCAP FINANCIAL INVESTMENT CORP,6211.0,190.0
03761U50,7.99,7.9,2013-08-29,MFIC,MIDCAP FINANCIAL INVESTMENT CORP,6211.0,190.0
03761U50,7.89,7.99,2013-08-30,MFIC,MIDCAP FINANCIAL INVESTMENT CORP,6211.0,190.0
03761U50,7.8,7.99,2013-09-03,MFIC,MIDCAP FINANCIAL INVESTMENT CORP,6211.0,190.0
03761U50,7.95,7.81,2013-09-04,MFIC,MIDCAP FINANCIAL INVESTMENT CORP,6211.0,190.0
03761U50,7.93,7.95,2013-09-05,MFIC,MIDCAP FINANCIAL INVESTMENT CORP,6211.0,190.0
03761U50,8.1,7.93,2013-09-06,MFIC,MIDCAP FINANCIAL INVESTMENT CORP,6211.0,190.0
03761U50,8.28,8.12,2013-09-09,MFIC,MIDCAP FINANCIAL INVESTMENT CORP,6211.0,190.0
03761U50,8.42,8.3,2013-09-10,MFIC,MIDCAP FINANCIAL INVESTMENT CORP,6211.0,190.0
03761U50,8.47,8.33,2013-09-11,MFIC,MIDCAP FINANCIAL INVESTMENT CORP,6211.0,190.0
03761U50,8.33,8.49,2013-09-12,MFIC,MIDCAP FINANCIAL INVESTMENT CORP,6211.0,190.0
03761U50,8.36,8.33,2013-09-13,MFIC,MIDCAP FINANCIAL INVESTMENT CORP,6211.0,190.0
03761U50,8.37,8.43,2013-09-16,MFIC,MIDCAP FINANCIAL INVESTMENT CORP,6211.0,190.0
03761U50,8.46,8.37,2013-09-17,MFIC,MIDCAP FINANCIAL INVESTMENT CORP,6211.0,190.0
03761U50,8.3,8.24,2013-09-18,MFIC,MIDCAP FINANCIAL INVESTMENT CORP,6211.0,190.0
03761U50,8.23,8.31,2013-09-19,MFIC,MIDCAP FINANCIAL INVESTMENT CORP,6211.0,190.0
03761U50,8.125,8.24,2013-09-20,MFIC,MIDCAP FINANCIAL INVESTMENT CORP,6211.0,190.0
03761U50,8.11,8.1,2013-09-23,MFIC,MIDCAP FINANCIAL INVESTMENT CORP,6211.0,190.0
03761U50,8.1,8.09,2013-09-24,MFIC,MIDCAP FINANCIAL INVESTMENT CORP,6211.0,190.0
03761U50,8.24,8.13,2013-09-25,MFIC,MIDCAP FINANCIAL INVESTMENT CORP,6211.0,190.0
03761U50,8.24,8.25,2013-09-26,MFIC,MIDCAP FINANCIAL INVESTMENT CORP,6211.0,190.0
03761U50,8.2,8.19,2013-09-27,MFIC,MIDCAP FINANCIAL INVESTMENT CORP,6211.0,190.0
03761U50,8.151,8.15,2013-09-30,MFIC,MIDCAP FINANCIAL INVESTMENT CORP,6211.0,190.0
03761U50,8.26,8.17,2013-10-01,MFIC,MIDCAP FINANCIAL INVESTMENT CORP,6211.0,190.0
03761U50,8.19,8.3,2013-10-02,MFIC,MIDCAP FINANCIAL INVESTMENT CORP,6211.0,190.0
03761U50,8.16,8.2,2013-10-03,MFIC,MIDCAP FINANCIAL INVESTMENT CORP,6211.0,190.0
03761U50,8.24,8.21,2013-10-04,MFIC,MIDCAP FINANCIAL INVESTMENT CORP,6211.0,190.0
03761U50,8.125,8.19,2013-10-07,MFIC,MIDCAP FINANCIAL INVESTMENT CORP,6211.0,190.0
03761U50,8.05,8.15,2013-10-08,MFIC,MIDCAP FINANCIAL INVESTMENT CORP,6211.0,190.0
03761U50,8.1,8.06,2013-10-09,MFIC,MIDCAP FINANCIAL INVESTMENT CORP,6211.0,190.0
03761U50,8.25,8.17,2013-10-10,MFIC,MIDCAP FINANCIAL INVESTMENT CORP,6211.0,190.0
03761U50,8.38,8.24,2013-10-11,MFIC,MIDCAP FINANCIAL INVESTMENT CORP,6211.0,190.0
03761U50,8.35,8.35,2013-10-14,MFIC,MIDCAP FINANCIAL INVESTMENT CORP,6211.0,190.0
03761U50,8.22,8.33,2013-10-15,MFIC,MIDCAP FINANCIAL INVESTMENT CORP,6211.0,190.0
03761U50,8.35,8.26,2013-10-16,MFIC,MIDCAP FINANCIAL INVESTMENT CORP,6211.0,190.0
03761U50,8.425,8.32,2013-10-17,MFIC,MIDCAP FINANCIAL INVESTMENT CORP,6211.0,190.0
03761U50,8.49,8.48,2013-10-18,MFIC,MIDCAP FINANCIAL INVESTMENT CORP,6211.0,190.0
03761U50,8.48,8.49,2013-10-21,MFIC,MIDCAP FINANCIAL INVESTMENT CORP,6211.0,190.0
03761U50,8.56,8.5,2013-10-22,MFIC,MIDCAP FINANCIAL INVESTMENT CORP,6211.0,190.0
03761U50,8.57,8.54,2013-10-23,MFIC,MIDCAP FINANCIAL INVESTMENT CORP,6211.0,190.0
03761U50,8.585,8.6,2013-10-24,MFIC,MIDCAP FINANCIAL INVESTMENT CORP,6211.0,190.0
03761U50,8.58,8.62,2013-10-25,MFIC,MIDCAP FINANCIAL INVESTMENT CORP,6211.0,190.0
03761U50,8.611,8.55,2013-10-28,MFIC,MIDCAP FINANCIAL INVESTMENT CORP,6211.0,190.0
03761U50,8.64,8.62,2013-10-29,MFIC,MIDCAP FINANCIAL INVESTMENT CORP,6211.0,190.0
03761U50,8.58,8.51,2013-10-30,MFIC,MIDCAP FINANCIAL INVESTMENT CORP,6211.0,190.0
03761U50,8.535,8.58,2013-10-31,MFIC,MIDCAP FINANCIAL INVESTMENT CORP,6211.0,190.0
03761U50,8.51,8.52,2013-11-01,MFIC,MIDCAP FINANCIAL INVESTMENT CORP,6211.0,190.0
03761U50,8.55,8.53,2013-11-04,MFIC,MIDCAP FINANCIAL INVESTMENT CORP,6211.0,190.0
03761U50,8.52,8.53,2013-11-05,MFIC,MIDCAP FINANCIAL INVESTMENT CORP,6211.0,190.0
03761U50,8.59,8.58,2013-11-06,MFIC,MIDCAP FINANCIAL INVESTMENT CORP,6211.0,190.0
03761U50,8.42,8.6,2013-11-07,MFIC,MIDCAP FINANCIAL INVESTMENT CORP,6211.0,190.0
03761U50,8.58,8.55,2013-11-08,MFIC,MIDCAP FINANCIAL INVESTMENT CORP,6211.0,190.0
03761U50,8.62,8.58,2013-11-11,MFIC,MIDCAP FINANCIAL INVESTMENT CORP,6211.0,190.0
03761U50,8.63,8.6,2013-11-12,MFIC,MIDCAP FINANCIAL INVESTMENT CORP,6211.0,190.0
03761U50,8.68,8.6,2013-11-13,MFIC,MIDCAP FINANCIAL INVESTMENT CORP,6211.0,190.0
03761U50,8.71,8.68,2013-11-14,MFIC,MIDCAP FINANCIAL INVESTMENT CORP,6211.0,190.0
03761U50,8.82,8.7,2013-11-15,MFIC,MIDCAP FINANCIAL INVESTMENT CORP,6211.0,190.0
03761U50,8.84,8.84,2013-11-18,MFIC,MIDCAP FINANCIAL INVESTMENT CORP,6211.0,190.0
03761U50,8.8,8.86,2013-11-19,MFIC,MIDCAP FINANCIAL INVESTMENT CORP,6211.0,190.0
03761U50,8.85,8.83,2013-11-20,MFIC,MIDCAP FINANCIAL INVESTMENT CORP,6211.0,190.0
03761U50,8.86,8.9,2013-11-21,MFIC,MIDCAP FINANCIAL INVESTMENT CORP,6211.0,190.0
03761U50,8.89,8.86,2013-11-22,MFIC,MIDCAP FINANCIAL INVESTMENT CORP,6211.0,190.0
03761U50,8.82,8.9,2013-11-25,MFIC,MIDCAP FINANCIAL INVESTMENT CORP,6211.0,190.0
03761U50,8.84,8.85,2013-11-26,MFIC,MIDCAP FINANCIAL INVESTMENT CORP,6211.0,190.0
03761U50,8.91,8.87,2013-11-27,MFIC,MIDCAP FINANCIAL INVESTMENT CORP,6211.0,190.0
03761U50,9.02,8.96,2013-11-29,MFIC,MIDCAP FINANCIAL INVESTMENT CORP,6211.0,190.0
03761U50,8.85,8.89,2013-12-02,MFIC,MIDCAP FINANCIAL INVESTMENT CORP,6211.0,190.0
03761U50,8.79,8.81,2013-12-03,MFIC,MIDCAP FINANCIAL INVESTMENT CORP,6211.0,190.0
03761U50,8.79,8.78,2013-12-04,MFIC,MIDCAP FINANCIAL INVESTMENT CORP,6211.0,190.0
03761U50,8.74,8.77,2013-12-05,MFIC,MIDCAP FINANCIAL INVESTMENT CORP,6211.0,190.0
03761U50,8.83,8.79,2013-12-06,MFIC,MIDCAP FINANCIAL INVESTMENT CORP,6211.0,190.0
03761U50,8.86,8.86,2013-12-09,MFIC,MIDCAP FINANCIAL INVESTMENT CORP,6211.0,190.0
03761U50,8.78,8.85,2013-12-10,MFIC,MIDCAP FINANCIAL INVESTMENT CORP,6211.0,190.0
03761U50,8.66,8.81,2013-12-11,MFIC,MIDCAP FINANCIAL INVESTMENT CORP,6211.0,190.0
03761U50,8.64,8.69,2013-12-12,MFIC,MIDCAP FINANCIAL INVESTMENT CORP,6211.0,190.0
03761U50,8.65,8.66,2013-12-13,MFIC,MIDCAP FINANCIAL INVESTMENT CORP,6211.0,190.0
03761U50,8.705,8.72,2013-12-16,MFIC,MIDCAP FINANCIAL INVESTMENT CORP,6211.0,190.0
03761U50,8.53,8.49,2013-12-17,MFIC,MIDCAP FINANCIAL INVESTMENT CORP,6211.0,190.0
03761U50,8.51,8.56,2013-12-18,MFIC,MIDCAP FINANCIAL INVESTMENT CORP,6211.0,190.0
03761U50,8.38,8.51,2013-12-19,MFIC,MIDCAP FINANCIAL INVESTMENT CORP,6211.0,190.0
03761U50,8.48,8.43,2013-12-20,MFIC,MIDCAP FINANCIAL INVESTMENT CORP,6211.0,190.0
03761U50,8.58,8.5,2013-12-23,MFIC,MIDCAP FINANCIAL INVESTMENT CORP,6211.0,190.0
03761U50,8.6,8.59,2013-12-24,MFIC,MIDCAP FINANCIAL INVESTMENT CORP,6211.0,190.0
03761U50,8.54,8.61,2013-12-26,MFIC,MIDCAP FINANCIAL INVESTMENT CORP,6211.0,190.0
03761U50,8.51,8.58,2013-12-27,MFIC,MIDCAP FINANCIAL INVESTMENT CORP,6211.0,190.0
03761U50,8.47,8.51,2013-12-30,MFIC,MIDCAP FINANCIAL INVESTMENT CORP,6211.0,190.0
03761U50,8.475,8.46,2013-12-31,MFIC,MIDCAP FINANCIAL INVESTMENT CORP,6211.0,190.0
03761U50,8.42,8.48,2014-01-02,MFIC,MIDCAP FINANCIAL INVESTMENT CORP,6211.0,190.0
03761U50,8.51,8.42,2014-01-03,MFIC,MIDCAP FINANCIAL INVESTMENT CORP,6211.0,190.0
03761U50,8.53,8.58,2014-01-06,MFIC,MIDCAP FINANCIAL INVESTMENT CORP,6211.0,190.0
03761U50,8.56,8.54,2014-01-07,MFIC,MIDCAP FINANCIAL INVESTMENT CORP,6211.0,190.0
03761U50,8.56,8.54,2014-01-08,MFIC,MIDCAP FINANCIAL INVESTMENT CORP,6211.0,190.0
03761U50,8.6,8.57,2014-01-09,MFIC,MIDCAP FINANCIAL INVESTMENT CORP,6211.0,190.0
03761U50,8.64,8.61,2014-01-10,MFIC,MIDCAP FINANCIAL INVESTMENT CORP,6211.0,190.0
03761U50,8.59,8.64,2014-01-13,MFIC,MIDCAP FINANCIAL INVESTMENT CORP,6211.0,190.0
03761U50,8.66,8.59,2014-01-14,MFIC,MIDCAP FINANCIAL INVESTMENT CORP,6211.0,190.0
03761U50,8.92,8.69,2014-01-15,MFIC,MIDCAP FINANCIAL INVESTMENT CORP,6211.0,190.0
03761U50,8.92,8.87,2014-01-16,MFIC,MIDCAP FINANCIAL INVESTMENT CORP,6211.0,190.0
03761U50,8.94,8.89,2014-01-17,MFIC,MIDCAP FINANCIAL INVESTMENT CORP,6211.0,190.0
03761U50,9.0,9.07,2014-01-21,MFIC,MIDCAP FINANCIAL INVESTMENT CORP,6211.0,190.0
03761U50,9.01,8.97,2014-01-22,MFIC,MIDCAP FINANCIAL INVESTMENT CORP,6211.0,190.0
03761U50,8.99,9.0,2014-01-23,MFIC,MIDCAP FINANCIAL INVESTMENT CORP,6211.0,190.0
03761U50,8.84,8.96,2014-01-24,MFIC,MIDCAP FINANCIAL INVESTMENT CORP,6211.0,190.0
03761U50,8.71,8.88,2014-01-27,MFIC,MIDCAP FINANCIAL INVESTMENT CORP,6211.0,190.0
03761U50,8.71,8.77,2014-01-28,MFIC,MIDCAP FINANCIAL INVESTMENT CORP,6211.0,190.0
03761U50,8.49,8.69,2014-01-29,MFIC,MIDCAP FINANCIAL INVESTMENT CORP,6211.0,190.0
03761U50,8.62,8.57,2014-01-30,MFIC,MIDCAP FINANCIAL INVESTMENT CORP,6211.0,190.0
03761U50,8.44,8.48,2014-01-31,MFIC,MIDCAP FINANCIAL INVESTMENT CORP,6211.0,190.0
03761U50,8.14,8.44,2014-02-03,MFIC,MIDCAP FINANCIAL INVESTMENT CORP,6211.0,190.0
03761U50,8.22,8.21,2014-02-04,MFIC,MIDCAP FINANCIAL INVESTMENT CORP,6211.0,190.0
03761U50,8.21,8.23,2014-02-05,MFIC,MIDCAP FINANCIAL INVESTMENT CORP,6211.0,190.0
03761U50,8.36,8.31,2014-02-06,MFIC,MIDCAP FINANCIAL INVESTMENT CORP,6211.0,190.0
03761U50,8.37,8.39,2014-02-07,MFIC,MIDCAP FINANCIAL INVESTMENT CORP,6211.0,190.0
03761U50,8.4,8.34,2014-02-10,MFIC,MIDCAP FINANCIAL INVESTMENT CORP,6211.0,190.0
03761U50,8.64,8.41,2014-02-11,MFIC,MIDCAP FINANCIAL INVESTMENT CORP,6211.0,190.0
03761U50,8.85,8.69,2014-02-12,MFIC,MIDCAP FINANCIAL INVESTMENT CORP,6211.0,190.0
03761U50,8.95,8.8,2014-02-13,MFIC,MIDCAP FINANCIAL INVESTMENT CORP,6211.0,190.0
03761U50,9.01,8.96,2014-02-14,MFIC,MIDCAP FINANCIAL INVESTMENT CORP,6211.0,190.0
03761U50,9.04,9.06,2014-02-18,MFIC,MIDCAP FINANCIAL INVESTMENT CORP,6211.0,190.0
03761U50,8.89,9.04,2014-02-19,MFIC,MIDCAP FINANCIAL INVESTMENT CORP,6211.0,190.0
03761U50,8.91,8.92,2014-02-20,MFIC,MIDCAP FINANCIAL INVESTMENT CORP,6211.0,190.0
03761U50,8.95,8.95,2014-02-21,MFIC,MIDCAP FINANCIAL INVESTMENT CORP,6211.0,190.0
03761U50,9.15,9.01,2014-02-24,MFIC,MIDCAP FINANCIAL INVESTMENT CORP,6211.0,190.0
03761U50,8.58,8.66,2014-02-25,MFIC,MIDCAP FINANCIAL INVESTMENT CORP,6211.0,190.0
03761U50,8.59,8.62,2014-02-26,MFIC,MIDCAP FINANCIAL INVESTMENT CORP,6211.0,190.0
03761U50,8.63,8.6,2014-02-27,MFIC,MIDCAP FINANCIAL INVESTMENT CORP,6211.0,190.0
03761U50,8.56,8.65,2014-02-28,MFIC,MIDCAP FINANCIAL INVESTMENT CORP,6211.0,190.0
03761U50,8.74,8.53,2014-03-03,MFIC,MIDCAP FINANCIAL INVESTMENT CORP,6211.0,190.0
03761U50,8.67,8.75,2014-03-04,MFIC,MIDCAP FINANCIAL INVESTMENT CORP,6211.0,190.0
03761U50,8.66,8.65,2014-03-05,MFIC,MIDCAP FINANCIAL INVESTMENT CORP,6211.0,190.0
03761U50,8.69,8.66,2014-03-06,MFIC,MIDCAP FINANCIAL INVESTMENT CORP,6211.0,190.0
03761U50,8.6,8.73,2014-03-07,MFIC,MIDCAP FINANCIAL INVESTMENT CORP,6211.0,190.0
03761U50,8.65,8.59,2014-03-10,MFIC,MIDCAP FINANCIAL INVESTMENT CORP,6211.0,190.0
03761U50,8.56,8.63,2014-03-11,MFIC,MIDCAP FINANCIAL INVESTMENT CORP,6211.0,190.0
03761U50,8.55,8.52,2014-03-12,MFIC,MIDCAP FINANCIAL INVESTMENT CORP,6211.0,190.0
03761U50,8.49,8.61,2014-03-13,MFIC,MIDCAP FINANCIAL INVESTMENT CORP,6211.0,190.0
03761U50,8.48,8.49,2014-03-14,MFIC,MIDCAP FINANCIAL INVESTMENT CORP,6211.0,190.0
03761U50,8.46,8.54,2014-03-17,MFIC,MIDCAP FINANCIAL INVESTMENT CORP,6211.0,190.0
03761U50,8.5,8.5,2014-03-18,MFIC,MIDCAP FINANCIAL INVESTMENT CORP,6211.0,190.0
03761U50,8.34,8.35,2014-03-19,MFIC,MIDCAP FINANCIAL INVESTMENT CORP,6211.0,190.0
03761U50,8.28,8.36,2014-03-20,MFIC,MIDCAP FINANCIAL INVESTMENT CORP,6211.0,190.0
03761U50,8.24,8.32,2014-03-21,MFIC,MIDCAP FINANCIAL INVESTMENT CORP,6211.0,190.0
03761U50,8.28,8.22,2014-03-24,MFIC,MIDCAP FINANCIAL INVESTMENT CORP,6211.0,190.0
03761U50,8.32,8.3,2014-03-25,MFIC,MIDCAP FINANCIAL INVESTMENT CORP,6211.0,190.0
03761U50,8.27,8.38,2014-03-26,MFIC,MIDCAP FINANCIAL INVESTMENT CORP,6211.0,190.0
03761U50,8.29,8.25,2014-03-27,MFIC,MIDCAP FINANCIAL INVESTMENT CORP,6211.0,190.0
03761U50,8.26,8.27,2014-03-28,MFIC,MIDCAP FINANCIAL INVESTMENT CORP,6211.0,190.0
03761U50,8.31,8.33,2014-03-31,MFIC,MIDCAP FINANCIAL INVESTMENT CORP,6211.0,190.0
03761U50,8.35,8.31,2014-04-01,MFIC,MIDCAP FINANCIAL INVESTMENT CORP,6211.0,190.0
03761U50,8.38,8.39,2014-04-02,MFIC,MIDCAP FINANCIAL INVESTMENT CORP,6211.0,190.0
03761U50,8.36,8.4,2014-04-03,MFIC,MIDCAP FINANCIAL INVESTMENT CORP,6211.0,190.0
03761U50,8.31,8.33,2014-04-04,MFIC,MIDCAP FINANCIAL INVESTMENT CORP,6211.0,190.0
03761U50,8.2,8.31,2014-04-07,MFIC,MIDCAP FINANCIAL INVESTMENT CORP,6211.0,190.0
03761U50,8.24,8.31,2014-04-08,MFIC,MIDCAP FINANCIAL INVESTMENT CORP,6211.0,190.0
03761U50,8.24,8.24,2014-04-09,MFIC,MIDCAP FINANCIAL INVESTMENT CORP,6211.0,190.0
03761U50,8.11,8.25,2014-04-10,MFIC,MIDCAP FINANCIAL INVESTMENT CORP,6211.0,190.0
03761U50,8.06,8.1,2014-04-11,MFIC,MIDCAP FINANCIAL INVESTMENT CORP,6211.0,190.0
03761U50,8.13,8.15,2014-04-14,MFIC,MIDCAP FINANCIAL INVESTMENT CORP,6211.0,190.0
03761U50,8.07,8.11,2014-04-15,MFIC,MIDCAP FINANCIAL INVESTMENT CORP,6211.0,190.0
03761U50,8.15,8.23,2014-04-16,MFIC,MIDCAP FINANCIAL INVESTMENT CORP,6211.0,190.0
03761U50,8.15,8.15,2014-04-17,MFIC,MIDCAP FINANCIAL INVESTMENT CORP,6211.0,190.0
03761U50,8.12,8.17,2014-04-21,MFIC,MIDCAP FINANCIAL INVESTMENT CORP,6211.0,190.0
03761U50,8.13,8.14,2014-04-22,MFIC,MIDCAP FINANCIAL INVESTMENT CORP,6211.0,190.0
03761U50,8.1,8.13,2014-04-23,MFIC,MIDCAP FINANCIAL INVESTMENT CORP,6211.0,190.0
03761U50,8.09,8.19,2014-04-24,MFIC,MIDCAP FINANCIAL INVESTMENT CORP,6211.0,190.0
03761U50,8.02,8.09,2014-04-25,MFIC,MIDCAP FINANCIAL INVESTMENT CORP,6211.0,190.0
03761U50,7.93,8.02,2014-04-28,MFIC,MIDCAP FINANCIAL INVESTMENT CORP,6211.0,190.0
03761U50,7.93,7.98,2014-04-29,MFIC,MIDCAP FINANCIAL INVESTMENT CORP,6211.0,190.0
03761U50,7.99,7.93,2014-04-30,MFIC,MIDCAP FINANCIAL INVESTMENT CORP,6211.0,190.0
03761U50,8.0,8.05,2014-05-01,MFIC,MIDCAP FINANCIAL INVESTMENT CORP,6211.0,190.0
03761U50,7.96,8.01,2014-05-02,MFIC,MIDCAP FINANCIAL INVESTMENT CORP,6211.0,190.0
03761U50,8.06,8.05,2014-05-05,MFIC,MIDCAP FINANCIAL INVESTMENT CORP,6211.0,190.0
03761U50,7.95,8.04,2014-05-06,MFIC,MIDCAP FINANCIAL INVESTMENT CORP,6211.0,190.0
03761U50,7.97,7.96,2014-05-07,MFIC,MIDCAP FINANCIAL INVESTMENT CORP,6211.0,190.0
03761U50,7.91,7.98,2014-05-08,MFIC,MIDCAP FINANCIAL INVESTMENT CORP,6211.0,190.0
03761U50,7.91,7.9,2014-05-09,MFIC,MIDCAP FINANCIAL INVESTMENT CORP,6211.0,190.0
03761U50,7.99,7.87,2014-05-12,MFIC,MIDCAP FINANCIAL INVESTMENT CORP,6211.0,190.0
03761U50,7.95,7.99,2014-05-13,MFIC,MIDCAP FINANCIAL INVESTMENT CORP,6211.0,190.0
03761U50,7.93,7.94,2014-05-14,MFIC,MIDCAP FINANCIAL INVESTMENT CORP,6211.0,190.0
03761U50,7.89,7.9,2014-05-15,MFIC,MIDCAP FINANCIAL INVESTMENT CORP,6211.0,190.0
03761U50,7.94,7.88,2014-05-16,MFIC,MIDCAP FINANCIAL INVESTMENT CORP,6211.0,190.0
03761U50,8.055,7.94,2014-05-19,MFIC,MIDCAP FINANCIAL INVESTMENT CORP,6211.0,190.0
03761U50,8.06,8.24,2014-05-20,MFIC,MIDCAP FINANCIAL INVESTMENT CORP,6211.0,190.0
03761U50,8.17,8.19,2014-05-21,MFIC,MIDCAP FINANCIAL INVESTMENT CORP,6211.0,190.0
03761U50,8.18,8.2,2014-05-22,MFIC,MIDCAP FINANCIAL INVESTMENT CORP,6211.0,190.0
03761U50,8.28,8.21,2014-05-23,MFIC,MIDCAP FINANCIAL INVESTMENT CORP,6211.0,190.0
03761U50,8.31,8.35,2014-05-27,MFIC,MIDCAP FINANCIAL INVESTMENT CORP,6211.0,190.0
03761U50,8.35,8.36,2014-05-28,MFIC,MIDCAP FINANCIAL INVESTMENT CORP,6211.0,190.0
03761U50,8.36,8.4,2014-05-29,MFIC,MIDCAP FINANCIAL INVESTMENT CORP,6211.0,190.0
03761U50,8.38,8.4,2014-05-30,MFIC,MIDCAP FINANCIAL INVESTMENT CORP,6211.0,190.0
03761U50,8.35,8.43,2014-06-02,MFIC,MIDCAP FINANCIAL INVESTMENT CORP,6211.0,190.0
03761U50,8.32,8.34,2014-06-03,MFIC,MIDCAP FINANCIAL INVESTMENT CORP,6211.0,190.0
03761U50,8.28,8.32,2014-06-04,MFIC,MIDCAP FINANCIAL INVESTMENT CORP,6211.0,190.0
03761U50,8.31,8.33,2014-06-05,MFIC,MIDCAP FINANCIAL INVESTMENT CORP,6211.0,190.0
03761U50,8.39,8.36,2014-06-06,MFIC,MIDCAP FINANCIAL INVESTMENT CORP,6211.0,190.0
03761U50,8.45,8.39,2014-06-09,MFIC,MIDCAP FINANCIAL INVESTMENT CORP,6211.0,190.0
03761U50,8.42,8.45,2014-06-10,MFIC,MIDCAP FINANCIAL INVESTMENT CORP,6211.0,190.0
03761U50,8.48,8.42,2014-06-11,MFIC,MIDCAP FINANCIAL INVESTMENT CORP,6211.0,190.0
03761U50,8.54,8.48,2014-06-12,MFIC,MIDCAP FINANCIAL INVESTMENT CORP,6211.0,190.0
03761U50,8.46,8.54,2014-06-13,MFIC,MIDCAP FINANCIAL INVESTMENT CORP,6211.0,190.0
03761U50,8.53,8.5,2014-06-16,MFIC,MIDCAP FINANCIAL INVESTMENT CORP,6211.0,190.0
03761U50,8.59,8.63,2014-06-17,MFIC,MIDCAP FINANCIAL INVESTMENT CORP,6211.0,190.0
03761U50,8.4,8.4,2014-06-18,MFIC,MIDCAP FINANCIAL INVESTMENT CORP,6211.0,190.0
03761U50,8.36,8.43,2014-06-19,MFIC,MIDCAP FINANCIAL INVESTMENT CORP,6211.0,190.0
03761U50,8.31,8.4,2014-06-20,MFIC,MIDCAP FINANCIAL INVESTMENT CORP,6211.0,190.0
03761U50,8.4,8.37,2014-06-23,MFIC,MIDCAP FINANCIAL INVESTMENT CORP,6211.0,190.0
03761U50,8.3,8.43,2014-06-24,MFIC,MIDCAP FINANCIAL INVESTMENT CORP,6211.0,190.0
03761U50,8.37,8.32,2014-06-25,MFIC,MIDCAP FINANCIAL INVESTMENT CORP,6211.0,190.0
03761U50,8.43,8.39,2014-06-26,MFIC,MIDCAP FINANCIAL INVESTMENT CORP,6211.0,190.0
03761U50,8.56,8.46,2014-06-27,MFIC,MIDCAP FINANCIAL INVESTMENT CORP,6211.0,190.0
03761U50,8.61,8.52,2014-06-30,MFIC,MIDCAP FINANCIAL INVESTMENT CORP,6211.0,190.0
03761U50,8.725,8.61,2014-07-01,MFIC,MIDCAP FINANCIAL INVESTMENT CORP,6211.0,190.0
03761U50,8.7,8.74,2014-07-02,MFIC,MIDCAP FINANCIAL INVESTMENT CORP,6211.0,190.0
03761U50,8.66,8.76,2014-07-03,MFIC,MIDCAP FINANCIAL INVESTMENT CORP,6211.0,190.0
03761U50,8.67,8.7,2014-07-07,MFIC,MIDCAP FINANCIAL INVESTMENT CORP,6211.0,190.0
03761U50,8.56,8.68,2014-07-08,MFIC,MIDCAP FINANCIAL INVESTMENT CORP,6211.0,190.0
03761U50,8.73,8.737,2014-07-09,MFIC,MIDCAP FINANCIAL INVESTMENT CORP,6211.0,190.0
03761U50,8.72,8.69,2014-07-10,MFIC,MIDCAP FINANCIAL INVESTMENT CORP,6211.0,190.0
03761U50,8.72,8.7,2014-07-11,MFIC,MIDCAP FINANCIAL INVESTMENT CORP,6211.0,190.0
03761U50,8.79,8.78,2014-07-14,MFIC,MIDCAP FINANCIAL INVESTMENT CORP,6211.0,190.0
03761U50,8.79,8.8,2014-07-15,MFIC,MIDCAP FINANCIAL INVESTMENT CORP,6211.0,190.0
03761U50,8.73,8.79,2014-07-16,MFIC,MIDCAP FINANCIAL INVESTMENT CORP,6211.0,190.0
03761U50,8.65,8.74,2014-07-17,MFIC,MIDCAP FINANCIAL INVESTMENT CORP,6211.0,190.0
03761U50,8.72,8.67,2014-07-18,MFIC,MIDCAP FINANCIAL INVESTMENT CORP,6211.0,190.0
03761U50,8.72,8.72,2014-07-21,MFIC,MIDCAP FINANCIAL INVESTMENT CORP,6211.0,190.0
03761U50,8.69,8.71,2014-07-22,MFIC,MIDCAP FINANCIAL INVESTMENT CORP,6211.0,190.0
03761U50,8.7,8.75,2014-07-23,MFIC,MIDCAP FINANCIAL INVESTMENT CORP,6211.0,190.0
03761U50,8.75,8.71,2014-07-24,MFIC,MIDCAP FINANCIAL INVESTMENT CORP,6211.0,190.0
03761U50,8.78,8.76,2014-07-25,MFIC,MIDCAP FINANCIAL INVESTMENT CORP,6211.0,190.0
03761U50,8.77,8.77,2014-07-28,MFIC,MIDCAP FINANCIAL INVESTMENT CORP,6211.0,190.0
03761U50,8.77,8.8,2014-07-29,MFIC,MIDCAP FINANCIAL INVESTMENT CORP,6211.0,190.0
03761U50,8.74,8.81,2014-07-30,MFIC,MIDCAP FINANCIAL INVESTMENT CORP,6211.0,190.0
03761U50,8.49,8.71,2014-07-31,MFIC,MIDCAP FINANCIAL INVESTMENT CORP,6211.0,190.0
03761U50,8.43,8.47,2014-08-01,MFIC,MIDCAP FINANCIAL INVESTMENT CORP,6211.0,190.0
03761U50,8.49,8.44,2014-08-04,MFIC,MIDCAP FINANCIAL INVESTMENT CORP,6211.0,190.0
03761U50,8.42,8.5,2014-08-05,MFIC,MIDCAP FINANCIAL INVESTMENT CORP,6211.0,190.0
03761U50,8.39,8.43,2014-08-06,MFIC,MIDCAP FINANCIAL INVESTMENT CORP,6211.0,190.0
03761U50,8.45,8.47,2014-08-07,MFIC,MIDCAP FINANCIAL INVESTMENT CORP,6211.0,190.0
03761U50,8.58,8.5,2014-08-08,MFIC,MIDCAP FINANCIAL INVESTMENT CORP,6211.0,190.0
03761U50,8.63,8.61,2014-08-11,MFIC,MIDCAP FINANCIAL INVESTMENT CORP,6211.0,190.0
03761U50,8.59,8.62,2014-08-12,MFIC,MIDCAP FINANCIAL INVESTMENT CORP,6211.0,190.0
03761U50,8.6,8.61,2014-08-13,MFIC,MIDCAP FINANCIAL INVESTMENT CORP,6211.0,190.0
03761U50,8.61,8.63,2014-08-14,MFIC,MIDCAP FINANCIAL INVESTMENT CORP,6211.0,190.0
03761U50,8.58,8.62,2014-08-15,MFIC,MIDCAP FINANCIAL INVESTMENT CORP,6211.0,190.0
03761U50,8.62,8.66,2014-08-18,MFIC,MIDCAP FINANCIAL INVESTMENT CORP,6211.0,190.0
03761U50,8.58,8.65,2014-08-19,MFIC,MIDCAP FINANCIAL INVESTMENT CORP,6211.0,190.0
03761U50,8.69,8.6,2014-08-20,MFIC,MIDCAP FINANCIAL INVESTMENT CORP,6211.0,190.0
03761U50,8.705,8.7,2014-08-21,MFIC,MIDCAP FINANCIAL INVESTMENT CORP,6211.0,190.0
03761U50,8.71,8.72,2014-08-22,MFIC,MIDCAP FINANCIAL INVESTMENT CORP,6211.0,190.0
03761U50,8.77,8.75,2014-08-25,MFIC,MIDCAP FINANCIAL INVESTMENT CORP,6211.0,190.0
03761U50,8.76,8.79,2014-08-26,MFIC,MIDCAP FINANCIAL INVESTMENT CORP,6211.0,190.0
03761U50,8.69,8.79,2014-08-27,MFIC,MIDCAP FINANCIAL INVESTMENT CORP,6211.0,190.0
03761U50,8.75,8.68,2014-08-28,MFIC,MIDCAP FINANCIAL INVESTMENT CORP,6211.0,190.0
03761U50,8.77,8.79,2014-08-29,MFIC,MIDCAP FINANCIAL INVESTMENT CORP,6211.0,190.0
03761U50,8.78,8.8,2014-09-02,MFIC,MIDCAP FINANCIAL INVESTMENT CORP,6211.0,190.0
03761U50,8.78,8.81,2014-09-03,MFIC,MIDCAP FINANCIAL INVESTMENT CORP,6211.0,190.0
03761U50,8.79,8.82,2014-09-04,MFIC,MIDCAP FINANCIAL INVESTMENT CORP,6211.0,190.0
03761U50,8.79,8.8,2014-09-05,MFIC,MIDCAP FINANCIAL INVESTMENT CORP,6211.0,190.0
03761U50,8.81,8.79,2014-09-08,MFIC,MIDCAP FINANCIAL INVESTMENT CORP,6211.0,190.0
03761U50,8.76,8.8,2014-09-09,MFIC,MIDCAP FINANCIAL INVESTMENT CORP,6211.0,190.0
03761U50,8.79,8.84,2014-09-10,MFIC,MIDCAP FINANCIAL INVESTMENT CORP,6211.0,190.0
03761U50,8.83,8.8,2014-09-11,MFIC,MIDCAP FINANCIAL INVESTMENT CORP,6211.0,190.0
03761U50,8.81,8.84,2014-09-12,MFIC,MIDCAP FINANCIAL INVESTMENT CORP,6211.0,190.0
03761U50,8.72,8.83,2014-09-15,MFIC,MIDCAP FINANCIAL INVESTMENT CORP,6211.0,190.0
03761U50,8.73,8.72,2014-09-16,MFIC,MIDCAP FINANCIAL INVESTMENT CORP,6211.0,190.0
03761U50,8.54,8.58,2014-09-17,MFIC,MIDCAP FINANCIAL INVESTMENT CORP,6211.0,190.0
03761U50,8.53,8.6,2014-09-18,MFIC,MIDCAP FINANCIAL INVESTMENT CORP,6211.0,190.0
03761U50,8.54,8.58,2014-09-19,MFIC,MIDCAP FINANCIAL INVESTMENT CORP,6211.0,190.0
03761U50,8.37,8.48,2014-09-22,MFIC,MIDCAP FINANCIAL INVESTMENT CORP,6211.0,190.0
03761U50,8.3,8.35,2014-09-23,MFIC,MIDCAP FINANCIAL INVESTMENT CORP,6211.0,190.0
03761U50,8.39,8.29,2014-09-24,MFIC,MIDCAP FINANCIAL INVESTMENT CORP,6211.0,190.0
03761U50,8.26,8.39,2014-09-25,MFIC,MIDCAP FINANCIAL INVESTMENT CORP,6211.0,190.0
03761U50,8.34,8.28,2014-09-26,MFIC,MIDCAP FINANCIAL INVESTMENT CORP,6211.0,190.0
03761U50,8.24,8.29,2014-09-29,MFIC,MIDCAP FINANCIAL INVESTMENT CORP,6211.0,190.0
03761U50,8.17,8.27,2014-09-30,MFIC,MIDCAP FINANCIAL INVESTMENT CORP,6211.0,190.0
03761U50,8.17,8.2,2014-10-01,MFIC,MIDCAP FINANCIAL INVESTMENT CORP,6211.0,190.0
03761U50,8.19,8.19,2014-10-02,MFIC,MIDCAP FINANCIAL INVESTMENT CORP,6211.0,190.0
03761U50,8.28,8.23,2014-10-03,MFIC,MIDCAP FINANCIAL INVESTMENT CORP,6211.0,190.0
03761U50,8.36,8.35,2014-10-06,MFIC,MIDCAP FINANCIAL INVESTMENT CORP,6211.0,190.0
03761U50,8.33,8.34,2014-10-07,MFIC,MIDCAP FINANCIAL INVESTMENT CORP,6211.0,190.0
03761U50,8.27,8.29,2014-10-08,MFIC,MIDCAP FINANCIAL INVESTMENT CORP,6211.0,190.0
03761U50,8.17,8.27,2014-10-09,MFIC,MIDCAP FINANCIAL INVESTMENT CORP,6211.0,190.0
03761U50,8.0,8.18,2014-10-10,MFIC,MIDCAP FINANCIAL INVESTMENT CORP,6211.0,190.0
03761U50,7.94,8.04,2014-10-13,MFIC,MIDCAP FINANCIAL INVESTMENT CORP,6211.0,190.0
03761U50,7.97,7.95,2014-10-14,MFIC,MIDCAP FINANCIAL INVESTMENT CORP,6211.0,190.0
03761U50,7.83,7.96,2014-10-15,MFIC,MIDCAP FINANCIAL INVESTMENT CORP,6211.0,190.0
03761U50,7.91,7.75,2014-10-16,MFIC,MIDCAP FINANCIAL INVESTMENT CORP,6211.0,190.0
03761U50,7.95,8.01,2014-10-17,MFIC,MIDCAP FINANCIAL INVESTMENT CORP,6211.0,190.0
03761U50,7.97,7.98,2014-10-20,MFIC,MIDCAP FINANCIAL INVESTMENT CORP,6211.0,190.0
03761U50,8.01,8.03,2014-10-21,MFIC,MIDCAP FINANCIAL INVESTMENT CORP,6211.0,190.0
03761U50,7.99,8.01,2014-10-22,MFIC,MIDCAP FINANCIAL INVESTMENT CORP,6211.0,190.0
03761U50,8.0,8.06,2014-10-23,MFIC,MIDCAP FINANCIAL INVESTMENT CORP,6211.0,190.0
03761U50,8.04,7.99,2014-10-24,MFIC,MIDCAP FINANCIAL INVESTMENT CORP,6211.0,190.0
03761U50,8.05,8.01,2014-10-27,MFIC,MIDCAP FINANCIAL INVESTMENT CORP,6211.0,190.0
03761U50,8.11,8.1,2014-10-28,MFIC,MIDCAP FINANCIAL INVESTMENT CORP,6211.0,190.0
03761U50,8.15,8.11,2014-10-29,MFIC,MIDCAP FINANCIAL INVESTMENT CORP,6211.0,190.0
03761U50,8.15,8.15,2014-10-30,MFIC,MIDCAP FINANCIAL INVESTMENT CORP,6211.0,190.0
03761U50,8.25,8.25,2014-10-31,MFIC,MIDCAP FINANCIAL INVESTMENT CORP,6211.0,190.0
03761U50,8.21,8.25,2014-11-03,MFIC,MIDCAP FINANCIAL INVESTMENT CORP,6211.0,190.0
03761U50,8.13,8.21,2014-11-04,MFIC,MIDCAP FINANCIAL INVESTMENT CORP,6211.0,190.0
03761U50,8.15,8.19,2014-11-05,MFIC,MIDCAP FINANCIAL INVESTMENT CORP,6211.0,190.0
03761U50,8.15,8.22,2014-11-06,MFIC,MIDCAP FINANCIAL INVESTMENT CORP,6211.0,190.0
03761U50,8.31,8.23,2014-11-07,MFIC,MIDCAP FINANCIAL INVESTMENT CORP,6211.0,190.0
03761U50,8.26,8.33,2014-11-10,MFIC,MIDCAP FINANCIAL INVESTMENT CORP,6211.0,190.0
03761U50,8.28,8.29,2014-11-11,MFIC,MIDCAP FINANCIAL INVESTMENT CORP,6211.0,190.0
03761U50,8.26,8.26,2014-11-12,MFIC,MIDCAP FINANCIAL INVESTMENT CORP,6211.0,190.0
03761U50,8.22,8.28,2014-11-13,MFIC,MIDCAP FINANCIAL INVESTMENT CORP,6211.0,190.0
03761U50,8.19,8.25,2014-11-14,MFIC,MIDCAP FINANCIAL INVESTMENT CORP,6211.0,190.0
03761U50,8.23,8.19,2014-11-17,MFIC,MIDCAP FINANCIAL INVESTMENT CORP,6211.0,190.0
03761U50,8.26,8.28,2014-11-18,MFIC,MIDCAP FINANCIAL INVESTMENT CORP,6211.0,190.0
03761U50,8.26,8.29,2014-11-19,MFIC,MIDCAP FINANCIAL INVESTMENT CORP,6211.0,190.0
03761U50,8.28,8.26,2014-11-20,MFIC,MIDCAP FINANCIAL INVESTMENT CORP,6211.0,190.0
03761U50,8.215,8.33,2014-11-21,MFIC,MIDCAP FINANCIAL INVESTMENT CORP,6211.0,190.0
03761U50,8.24,8.28,2014-11-24,MFIC,MIDCAP FINANCIAL INVESTMENT CORP,6211.0,190.0
03761U50,8.28,8.3,2014-11-25,MFIC,MIDCAP FINANCIAL INVESTMENT CORP,6211.0,190.0
03761U50,8.3,8.31,2014-11-26,MFIC,MIDCAP FINANCIAL INVESTMENT CORP,6211.0,190.0
03761U50,8.24,8.33,2014-11-28,MFIC,MIDCAP FINANCIAL INVESTMENT CORP,6211.0,190.0
03761U50,8.03,8.24,2014-12-01,MFIC,MIDCAP FINANCIAL INVESTMENT CORP,6211.0,190.0
03761U50,8.08,8.1,2014-12-02,MFIC,MIDCAP FINANCIAL INVESTMENT CORP,6211.0,190.0
03761U50,8.05,8.1,2014-12-03,MFIC,MIDCAP FINANCIAL INVESTMENT CORP,6211.0,190.0
03761U50,8.07,8.02,2014-12-04,MFIC,MIDCAP FINANCIAL INVESTMENT CORP,6211.0,190.0
03761U50,8.03,8.07,2014-12-05,MFIC,MIDCAP FINANCIAL INVESTMENT CORP,6211.0,190.0
03761U50,7.9,8.02,2014-12-08,MFIC,MIDCAP FINANCIAL INVESTMENT CORP,6211.0,190.0
03761U50,8.0,7.87,2014-12-09,MFIC,MIDCAP FINANCIAL INVESTMENT CORP,6211.0,190.0
03761U50,7.72,7.98,2014-12-10,MFIC,MIDCAP FINANCIAL INVESTMENT CORP,6211.0,190.0
03761U50,7.55,7.75,2014-12-11,MFIC,MIDCAP FINANCIAL INVESTMENT CORP,6211.0,190.0
03761U50,7.38,7.51,2014-12-12,MFIC,MIDCAP FINANCIAL INVESTMENT CORP,6211.0,190.0
03761U50,7.36,7.48,2014-12-15,MFIC,MIDCAP FINANCIAL INVESTMENT CORP,6211.0,190.0
03761U50,7.26,7.36,2014-12-16,MFIC,MIDCAP FINANCIAL INVESTMENT CORP,6211.0,190.0
03761U50,7.2,7.07,2014-12-17,MFIC,MIDCAP FINANCIAL INVESTMENT CORP,6211.0,190.0
03761U50,7.53,7.3,2014-12-18,MFIC,MIDCAP FINANCIAL INVESTMENT CORP,6211.0,190.0
03761U50,7.58,7.56,2014-12-19,MFIC,MIDCAP FINANCIAL INVESTMENT CORP,6211.0,190.0
03761U50,7.52,7.5,2014-12-22,MFIC,MIDCAP FINANCIAL INVESTMENT CORP,6211.0,190.0
03761U50,7.56,7.49,2014-12-23,MFIC,MIDCAP FINANCIAL INVESTMENT CORP,6211.0,190.0
03761U50,7.55,7.56,2014-12-24,MFIC,MIDCAP FINANCIAL INVESTMENT CORP,6211.0,190.0
03761U50,7.49,7.55,2014-12-26,MFIC,MIDCAP FINANCIAL INVESTMENT CORP,6211.0,190.0
03761U50,7.445,7.46,2014-12-29,MFIC,MIDCAP FINANCIAL INVESTMENT CORP,6211.0,190.0
03761U50,7.46,7.41,2014-12-30,MFIC,MIDCAP FINANCIAL INVESTMENT CORP,6211.0,190.0
03761U50,7.42,7.45,2014-12-31,MFIC,MIDCAP FINANCIAL INVESTMENT CORP,6211.0,190.0
03761U50,7.48,7.43,2015-01-02,MFIC,MIDCAP FINANCIAL INVESTMENT CORP,6211.0,190.0
03761U50,7.45,7.55,2015-01-05,MFIC,MIDCAP FINANCIAL INVESTMENT CORP,6211.0,190.0
03761U50,7.29,7.45,2015-01-06,MFIC,MIDCAP FINANCIAL INVESTMENT CORP,6211.0,190.0
03761U50,7.22,7.36,2015-01-07,MFIC,MIDCAP FINANCIAL INVESTMENT CORP,6211.0,190.0
03761U50,7.39,7.29,2015-01-08,MFIC,MIDCAP FINANCIAL INVESTMENT CORP,6211.0,190.0
03761U50,7.29,7.38,2015-01-09,MFIC,MIDCAP FINANCIAL INVESTMENT CORP,6211.0,190.0
03761U50,7.34,7.31,2015-01-12,MFIC,MIDCAP FINANCIAL INVESTMENT CORP,6211.0,190.0
03761U50,7.32,7.37,2015-01-13,MFIC,MIDCAP FINANCIAL INVESTMENT CORP,6211.0,190.0
03761U50,7.19,7.26,2015-01-14,MFIC,MIDCAP FINANCIAL INVESTMENT CORP,6211.0,190.0
03761U50,7.12,7.33,2015-01-15,MFIC,MIDCAP FINANCIAL INVESTMENT CORP,6211.0,190.0
03761U50,7.14,7.11,2015-01-16,MFIC,MIDCAP FINANCIAL INVESTMENT CORP,6211.0,190.0
03761U50,7.1,7.16,2015-01-20,MFIC,MIDCAP FINANCIAL INVESTMENT CORP,6211.0,190.0
03761U50,7.14,7.13,2015-01-21,MFIC,MIDCAP FINANCIAL INVESTMENT CORP,6211.0,190.0
03761U50,7.18,7.2,2015-01-22,MFIC,MIDCAP FINANCIAL INVESTMENT CORP,6211.0,190.0
03761U50,7.2,7.2,2015-01-23,MFIC,MIDCAP FINANCIAL INVESTMENT CORP,6211.0,190.0
03761U50,7.2,7.2,2015-01-26,MFIC,MIDCAP FINANCIAL INVESTMENT CORP,6211.0,190.0
03761U50,7.21,7.2,2015-01-27,MFIC,MIDCAP FINANCIAL INVESTMENT CORP,6211.0,190.0
03761U50,7.14,7.24,2015-01-28,MFIC,MIDCAP FINANCIAL INVESTMENT CORP,6211.0,190.0
03761U50,7.1,7.18,2015-01-29,MFIC,MIDCAP FINANCIAL INVESTMENT CORP,6211.0,190.0
03761U50,7.12,7.11,2015-01-30,MFIC,MIDCAP FINANCIAL INVESTMENT CORP,6211.0,190.0
03761U50,7.1,7.16,2015-02-02,MFIC,MIDCAP FINANCIAL INVESTMENT CORP,6211.0,190.0
03761U50,7.3,7.1,2015-02-03,MFIC,MIDCAP FINANCIAL INVESTMENT CORP,6211.0,190.0
03761U50,7.18,7.3,2015-02-04,MFIC,MIDCAP FINANCIAL INVESTMENT CORP,6211.0,190.0
03761U50,7.43,7.39,2015-02-05,MFIC,MIDCAP FINANCIAL INVESTMENT CORP,6211.0,190.0
03761U50,7.45,7.45,2015-02-06,MFIC,MIDCAP FINANCIAL INVESTMENT CORP,6211.0,190.0
03761U50,7.53,7.5,2015-02-09,MFIC,MIDCAP FINANCIAL INVESTMENT CORP,6211.0,190.0
03761U50,7.43,7.51,2015-02-10,MFIC,MIDCAP FINANCIAL INVESTMENT CORP,6211.0,190.0
03761U50,7.47,7.45,2015-02-11,MFIC,MIDCAP FINANCIAL INVESTMENT CORP,6211.0,190.0
03761U50,7.56,7.53,2015-02-12,MFIC,MIDCAP FINANCIAL INVESTMENT CORP,6211.0,190.0
03761U50,7.71,7.59,2015-02-13,MFIC,MIDCAP FINANCIAL INVESTMENT CORP,6211.0,190.0
03761U50,7.75,7.74,2015-02-17,MFIC,MIDCAP FINANCIAL INVESTMENT CORP,6211.0,190.0
03761U50,7.73,7.77,2015-02-18,MFIC,MIDCAP FINANCIAL INVESTMENT CORP,6211.0,190.0
03761U50,7.83,7.76,2015-02-19,MFIC,MIDCAP FINANCIAL INVESTMENT CORP,6211.0,190.0
03761U50,7.81,7.83,2015-02-20,MFIC,MIDCAP FINANCIAL INVESTMENT CORP,6211.0,190.0
03761U50,7.88,7.81,2015-02-23,MFIC,MIDCAP FINANCIAL INVESTMENT CORP,6211.0,190.0
03761U50,7.86,7.88,2015-02-24,MFIC,MIDCAP FINANCIAL INVESTMENT CORP,6211.0,190.0
03761U50,7.82,7.89,2015-02-25,MFIC,MIDCAP FINANCIAL INVESTMENT CORP,6211.0,190.0
03761U50,7.79,7.85,2015-02-26,MFIC,MIDCAP FINANCIAL INVESTMENT CORP,6211.0,190.0
03761U50,7.79,7.78,2015-02-27,MFIC,MIDCAP FINANCIAL INVESTMENT CORP,6211.0,190.0
03761U50,7.79,7.81,2015-03-02,MFIC,MIDCAP FINANCIAL INVESTMENT CORP,6211.0,190.0
03761U50,7.81,7.79,2015-03-03,MFIC,MIDCAP FINANCIAL INVESTMENT CORP,6211.0,190.0
03761U50,7.75,7.81,2015-03-04,MFIC,MIDCAP FINANCIAL INVESTMENT CORP,6211.0,190.0
03761U50,7.74,7.75,2015-03-05,MFIC,MIDCAP FINANCIAL INVESTMENT CORP,6211.0,190.0
03761U50,7.75,7.73,2015-03-06,MFIC,MIDCAP FINANCIAL INVESTMENT CORP,6211.0,190.0
03761U50,7.75,7.79,2015-03-09,MFIC,MIDCAP FINANCIAL INVESTMENT CORP,6211.0,190.0
03761U50,7.73,7.79,2015-03-10,MFIC,MIDCAP FINANCIAL INVESTMENT CORP,6211.0,190.0
03761U50,7.74,7.73,2015-03-11,MFIC,MIDCAP FINANCIAL INVESTMENT CORP,6211.0,190.0
03761U50,7.79,7.77,2015-03-12,MFIC,MIDCAP FINANCIAL INVESTMENT CORP,6211.0,190.0
03761U50,7.8,7.78,2015-03-13,MFIC,MIDCAP FINANCIAL INVESTMENT CORP,6211.0,190.0
03761U50,7.835,7.9,2015-03-16,MFIC,MIDCAP FINANCIAL INVESTMENT CORP,6211.0,190.0
03761U50,7.82,7.81,2015-03-17,MFIC,MIDCAP FINANCIAL INVESTMENT CORP,6211.0,190.0
03761U50,7.53,7.63,2015-03-18,MFIC,MIDCAP FINANCIAL INVESTMENT CORP,6211.0,190.0
03761U50,7.43,7.51,2015-03-19,MFIC,MIDCAP FINANCIAL INVESTMENT CORP,6211.0,190.0
03761U50,7.57,7.46,2015-03-20,MFIC,MIDCAP FINANCIAL INVESTMENT CORP,6211.0,190.0
03761U50,7.585,7.55,2015-03-23,MFIC,MIDCAP FINANCIAL INVESTMENT CORP,6211.0,190.0
03761U50,7.6,7.57,2015-03-24,MFIC,MIDCAP FINANCIAL INVESTMENT CORP,6211.0,190.0
03761U50,7.63,7.64,2015-03-25,MFIC,MIDCAP FINANCIAL INVESTMENT CORP,6211.0,190.0
03761U50,7.62,7.6,2015-03-26,MFIC,MIDCAP FINANCIAL INVESTMENT CORP,6211.0,190.0
03761U50,7.6,7.6,2015-03-27,MFIC,MIDCAP FINANCIAL INVESTMENT CORP,6211.0,190.0
03761U50,7.63,7.62,2015-03-30,MFIC,MIDCAP FINANCIAL INVESTMENT CORP,6211.0,190.0
03761U50,7.675,7.63,2015-03-31,MFIC,MIDCAP FINANCIAL INVESTMENT CORP,6211.0,190.0
03761U50,7.71,7.7,2015-04-01,MFIC,MIDCAP FINANCIAL INVESTMENT CORP,6211.0,190.0
03761U50,7.76,7.7,2015-04-02,MFIC,MIDCAP FINANCIAL INVESTMENT CORP,6211.0,190.0
03761U50,7.87,7.74,2015-04-06,MFIC,MIDCAP FINANCIAL INVESTMENT CORP,6211.0,190.0
03761U50,7.97,7.87,2015-04-07,MFIC,MIDCAP FINANCIAL INVESTMENT CORP,6211.0,190.0
03761U50,7.88,7.95,2015-04-08,MFIC,MIDCAP FINANCIAL INVESTMENT CORP,6211.0,190.0
03761U50,7.75,7.9,2015-04-09,MFIC,MIDCAP FINANCIAL INVESTMENT CORP,6211.0,190.0
03761U50,7.74,7.72,2015-04-10,MFIC,MIDCAP FINANCIAL INVESTMENT CORP,6211.0,190.0
03761U50,7.7,7.76,2015-04-13,MFIC,MIDCAP FINANCIAL INVESTMENT CORP,6211.0,190.0
03761U50,7.7,7.67,2015-04-14,MFIC,MIDCAP FINANCIAL INVESTMENT CORP,6211.0,190.0
03761U50,7.745,7.7,2015-04-15,MFIC,MIDCAP FINANCIAL INVESTMENT CORP,6211.0,190.0
03761U50,7.79,7.77,2015-04-16,MFIC,MIDCAP FINANCIAL INVESTMENT CORP,6211.0,190.0
03761U50,7.79,7.76,2015-04-17,MFIC,MIDCAP FINANCIAL INVESTMENT CORP,6211.0,190.0
03761U50,7.83,7.8,2015-04-20,MFIC,MIDCAP FINANCIAL INVESTMENT CORP,6211.0,190.0
03761U50,7.76,7.85,2015-04-21,MFIC,MIDCAP FINANCIAL INVESTMENT CORP,6211.0,190.0
03761U50,7.84,7.77,2015-04-22,MFIC,MIDCAP FINANCIAL INVESTMENT CORP,6211.0,190.0
03761U50,7.91,7.83,2015-04-23,MFIC,MIDCAP FINANCIAL INVESTMENT CORP,6211.0,190.0
03761U50,7.89,7.93,2015-04-24,MFIC,MIDCAP FINANCIAL INVESTMENT CORP,6211.0,190.0
03761U50,7.88,7.92,2015-04-27,MFIC,MIDCAP FINANCIAL INVESTMENT CORP,6211.0,190.0
03761U50,8.03,7.9,2015-04-28,MFIC,MIDCAP FINANCIAL INVESTMENT CORP,6211.0,190.0
03761U50,7.955,7.99,2015-04-29,MFIC,MIDCAP FINANCIAL INVESTMENT CORP,6211.0,190.0
03761U50,8.0,7.96,2015-04-30,MFIC,MIDCAP FINANCIAL INVESTMENT CORP,6211.0,190.0
03761U50,7.96,8.0,2015-05-01,MFIC,MIDCAP FINANCIAL INVESTMENT CORP,6211.0,190.0
03761U50,7.89,7.98,2015-05-04,MFIC,MIDCAP FINANCIAL INVESTMENT CORP,6211.0,190.0
03761U50,7.82,7.85,2015-05-05,MFIC,MIDCAP FINANCIAL INVESTMENT CORP,6211.0,190.0
03761U50,7.66,7.85,2015-05-06,MFIC,MIDCAP FINANCIAL INVESTMENT CORP,6211.0,190.0
03761U50,7.67,7.63,2015-05-07,MFIC,MIDCAP FINANCIAL INVESTMENT CORP,6211.0,190.0
03761U50,7.65,7.75,2015-05-08,MFIC,MIDCAP FINANCIAL INVESTMENT CORP,6211.0,190.0
03761U50,7.66,7.68,2015-05-11,MFIC,MIDCAP FINANCIAL INVESTMENT CORP,6211.0,190.0
03761U50,7.7,7.66,2015-05-12,MFIC,MIDCAP FINANCIAL INVESTMENT CORP,6211.0,190.0
03761U50,7.73,7.73,2015-05-13,MFIC,MIDCAP FINANCIAL INVESTMENT CORP,6211.0,190.0
03761U50,7.69,7.76,2015-05-14,MFIC,MIDCAP FINANCIAL INVESTMENT CORP,6211.0,190.0
03761U50,7.805,7.72,2015-05-15,MFIC,MIDCAP FINANCIAL INVESTMENT CORP,6211.0,190.0
03761U50,7.77,7.8,2015-05-18,MFIC,MIDCAP FINANCIAL INVESTMENT CORP,6211.0,190.0
03761U50,7.72,7.75,2015-05-19,MFIC,MIDCAP FINANCIAL INVESTMENT CORP,6211.0,190.0
03761U50,7.83,7.71,2015-05-20,MFIC,MIDCAP FINANCIAL INVESTMENT CORP,6211.0,190.0
03761U50,7.73,7.81,2015-05-21,MFIC,MIDCAP FINANCIAL INVESTMENT CORP,6211.0,190.0
03761U50,7.74,7.73,2015-05-22,MFIC,MIDCAP FINANCIAL INVESTMENT CORP,6211.0,190.0
03761U50,7.78,7.75,2015-05-26,MFIC,MIDCAP FINANCIAL INVESTMENT CORP,6211.0,190.0
03761U50,7.84,7.76,2015-05-27,MFIC,MIDCAP FINANCIAL INVESTMENT CORP,6211.0,190.0
03761U50,7.94,7.82,2015-05-28,MFIC,MIDCAP FINANCIAL INVESTMENT CORP,6211.0,190.0
03761U50,7.85,7.95,2015-05-29,MFIC,MIDCAP FINANCIAL INVESTMENT CORP,6211.0,190.0
03761U50,7.87,7.88,2015-06-01,MFIC,MIDCAP FINANCIAL INVESTMENT CORP,6211.0,190.0
03761U50,7.9,7.85,2015-06-02,MFIC,MIDCAP FINANCIAL INVESTMENT CORP,6211.0,190.0
03761U50,7.92,7.9,2015-06-03,MFIC,MIDCAP FINANCIAL INVESTMENT CORP,6211.0,190.0
03761U50,7.88,7.91,2015-06-04,MFIC,MIDCAP FINANCIAL INVESTMENT CORP,6211.0,190.0
03761U50,7.88,7.85,2015-06-05,MFIC,MIDCAP FINANCIAL INVESTMENT CORP,6211.0,190.0
03761U50,7.84,7.89,2015-06-08,MFIC,MIDCAP FINANCIAL INVESTMENT CORP,6211.0,190.0
03761U50,7.84,7.81,2015-06-09,MFIC,MIDCAP FINANCIAL INVESTMENT CORP,6211.0,190.0
03761U50,7.74,7.87,2015-06-10,MFIC,MIDCAP FINANCIAL INVESTMENT CORP,6211.0,190.0
03761U50,7.75,7.72,2015-06-11,MFIC,MIDCAP FINANCIAL INVESTMENT CORP,6211.0,190.0
03761U50,7.71,7.75,2015-06-12,MFIC,MIDCAP FINANCIAL INVESTMENT CORP,6211.0,190.0
03761U50,7.67,7.71,2015-06-15,MFIC,MIDCAP FINANCIAL INVESTMENT CORP,6211.0,190.0
03761U50,7.67,7.66,2015-06-16,MFIC,MIDCAP FINANCIAL INVESTMENT CORP,6211.0,190.0
03761U50,7.48,7.51,2015-06-17,MFIC,MIDCAP FINANCIAL INVESTMENT CORP,6211.0,190.0
03761U50,7.47,7.49,2015-06-18,MFIC,MIDCAP FINANCIAL INVESTMENT CORP,6211.0,190.0
03761U50,7.42,7.42,2015-06-19,MFIC,MIDCAP FINANCIAL INVESTMENT CORP,6211.0,190.0
03761U50,7.31,7.43,2015-06-22,MFIC,MIDCAP FINANCIAL INVESTMENT CORP,6211.0,190.0
03761U50,7.32,7.3,2015-06-23,MFIC,MIDCAP FINANCIAL INVESTMENT CORP,6211.0,190.0
03761U50,7.29,7.29,2015-06-24,MFIC,MIDCAP FINANCIAL INVESTMENT CORP,6211.0,190.0
03761U50,7.18,7.29,2015-06-25,MFIC,MIDCAP FINANCIAL INVESTMENT CORP,6211.0,190.0
03761U50,7.21,7.23,2015-06-26,MFIC,MIDCAP FINANCIAL INVESTMENT CORP,6211.0,190.0
03761U50,7.07,7.15,2015-06-29,MFIC,MIDCAP FINANCIAL INVESTMENT CORP,6211.0,190.0
03761U50,7.08,7.07,2015-06-30,MFIC,MIDCAP FINANCIAL INVESTMENT CORP,6211.0,190.0
03761U50,7.14,7.22,2015-07-01,MFIC,MIDCAP FINANCIAL INVESTMENT CORP,6211.0,190.0
03761U50,7.17,7.18,2015-07-02,MFIC,MIDCAP FINANCIAL INVESTMENT CORP,6211.0,190.0
03761U50,7.23,7.11,2015-07-06,MFIC,MIDCAP FINANCIAL INVESTMENT CORP,6211.0,190.0
03761U50,7.2,7.24,2015-07-07,MFIC,MIDCAP FINANCIAL INVESTMENT CORP,6211.0,190.0
03761U50,7.11,7.16,2015-07-08,MFIC,MIDCAP FINANCIAL INVESTMENT CORP,6211.0,190.0
03761U50,7.13,7.17,2015-07-09,MFIC,MIDCAP FINANCIAL INVESTMENT CORP,6211.0,190.0
03761U50,7.22,7.15,2015-07-10,MFIC,MIDCAP FINANCIAL INVESTMENT CORP,6211.0,190.0
03761U50,7.165,7.26,2015-07-13,MFIC,MIDCAP FINANCIAL INVESTMENT CORP,6211.0,190.0
03761U50,7.17,7.17,2015-07-14,MFIC,MIDCAP FINANCIAL INVESTMENT CORP,6211.0,190.0
03761U50,7.16,7.07,2015-07-15,MFIC,MIDCAP FINANCIAL INVESTMENT CORP,6211.0,190.0
03761U50,7.14,7.17,2015-07-16,MFIC,MIDCAP FINANCIAL INVESTMENT CORP,6211.0,190.0
03761U50,7.17,7.15,2015-07-17,MFIC,MIDCAP FINANCIAL INVESTMENT CORP,6211.0,190.0
03761U50,7.1,7.15,2015-07-20,MFIC,MIDCAP FINANCIAL INVESTMENT CORP,6211.0,190.0
03761U50,7.11,7.1,2015-07-21,MFIC,MIDCAP FINANCIAL INVESTMENT CORP,6211.0,190.0
03761U50,6.8,7.02,2015-07-22,MFIC,MIDCAP FINANCIAL INVESTMENT CORP,6211.0,190.0
03761U50,6.78,6.84,2015-07-23,MFIC,MIDCAP FINANCIAL INVESTMENT CORP,6211.0,190.0
03761U50,6.71,6.75,2015-07-24,MFIC,MIDCAP FINANCIAL INVESTMENT CORP,6211.0,190.0
03761U50,6.65,6.68,2015-07-27,MFIC,MIDCAP FINANCIAL INVESTMENT CORP,6211.0,190.0
03761U50,6.68,6.63,2015-07-28,MFIC,MIDCAP FINANCIAL INVESTMENT CORP,6211.0,190.0
03761U50,6.85,6.65,2015-07-29,MFIC,MIDCAP FINANCIAL INVESTMENT CORP,6211.0,190.0
03761U50,6.86,6.85,2015-07-30,MFIC,MIDCAP FINANCIAL INVESTMENT CORP,6211.0,190.0
03761U50,6.86,6.87,2015-07-31,MFIC,MIDCAP FINANCIAL INVESTMENT CORP,6211.0,190.0
03761U50,6.88,6.84,2015-08-03,MFIC,MIDCAP FINANCIAL INVESTMENT CORP,6211.0,190.0
03761U50,6.81,6.87,2015-08-04,MFIC,MIDCAP FINANCIAL INVESTMENT CORP,6211.0,190.0
03761U50,6.84,6.82,2015-08-05,MFIC,MIDCAP FINANCIAL INVESTMENT CORP,6211.0,190.0
03761U50,6.84,6.85,2015-08-06,MFIC,MIDCAP FINANCIAL INVESTMENT CORP,6211.0,190.0
03761U50,6.81,6.85,2015-08-07,MFIC,MIDCAP FINANCIAL INVESTMENT CORP,6211.0,190.0
03761U50,6.85,6.81,2015-08-10,MFIC,MIDCAP FINANCIAL INVESTMENT CORP,6211.0,190.0
03761U50,6.84,6.86,2015-08-11,MFIC,MIDCAP FINANCIAL INVESTMENT CORP,6211.0,190.0
03761U50,6.82,6.81,2015-08-12,MFIC,MIDCAP FINANCIAL INVESTMENT CORP,6211.0,190.0
03761U50,6.81,6.83,2015-08-13,MFIC,MIDCAP FINANCIAL INVESTMENT CORP,6211.0,190.0
03761U50,6.71,6.79,2015-08-14,MFIC,MIDCAP FINANCIAL INVESTMENT CORP,6211.0,190.0
03761U50,6.6,6.68,2015-08-17,MFIC,MIDCAP FINANCIAL INVESTMENT CORP,6211.0,190.0
03761U50,6.65,6.6,2015-08-18,MFIC,MIDCAP FINANCIAL INVESTMENT CORP,6211.0,190.0
03761U50,6.61,6.61,2015-08-19,MFIC,MIDCAP FINANCIAL INVESTMENT CORP,6211.0,190.0
03761U50,6.49,6.56,2015-08-20,MFIC,MIDCAP FINANCIAL INVESTMENT CORP,6211.0,190.0
03761U50,6.45,6.45,2015-08-21,MFIC,MIDCAP FINANCIAL INVESTMENT CORP,6211.0,190.0
03761U50,6.29,6.26,2015-08-24,MFIC,MIDCAP FINANCIAL INVESTMENT CORP,6211.0,190.0
03761U50,6.28,6.35,2015-08-25,MFIC,MIDCAP FINANCIAL INVESTMENT CORP,6211.0,190.0
03761U50,6.38,6.37,2015-08-26,MFIC,MIDCAP FINANCIAL INVESTMENT CORP,6211.0,190.0
03761U50,6.57,6.45,2015-08-27,MFIC,MIDCAP FINANCIAL INVESTMENT CORP,6211.0,190.0
03761U50,6.6,6.54,2015-08-28,MFIC,MIDCAP FINANCIAL INVESTMENT CORP,6211.0,190.0
03761U50,6.51,6.6,2015-08-31,MFIC,MIDCAP FINANCIAL INVESTMENT CORP,6211.0,190.0
03761U50,6.32,6.3,2015-09-01,MFIC,MIDCAP FINANCIAL INVESTMENT CORP,6211.0,190.0
03761U50,6.42,6.36,2015-09-02,MFIC,MIDCAP FINANCIAL INVESTMENT CORP,6211.0,190.0
03761U50,6.45,6.43,2015-09-03,MFIC,MIDCAP FINANCIAL INVESTMENT CORP,6211.0,190.0
03761U50,6.45,6.43,2015-09-04,MFIC,MIDCAP FINANCIAL INVESTMENT CORP,6211.0,190.0
03761U50,6.5,6.5,2015-09-08,MFIC,MIDCAP FINANCIAL INVESTMENT CORP,6211.0,190.0
03761U50,6.45,6.52,2015-09-09,MFIC,MIDCAP FINANCIAL INVESTMENT CORP,6211.0,190.0
03761U50,6.44,6.45,2015-09-10,MFIC,MIDCAP FINANCIAL INVESTMENT CORP,6211.0,190.0
03761U50,6.385,6.41,2015-09-11,MFIC,MIDCAP FINANCIAL INVESTMENT CORP,6211.0,190.0
03761U50,6.28,6.4,2015-09-14,MFIC,MIDCAP FINANCIAL INVESTMENT CORP,6211.0,190.0
03761U50,6.32,6.28,2015-09-15,MFIC,MIDCAP FINANCIAL INVESTMENT CORP,6211.0,190.0
03761U50,6.39,6.32,2015-09-16,MFIC,MIDCAP FINANCIAL INVESTMENT CORP,6211.0,190.0
03761U50,6.1,6.21,2015-09-17,MFIC,MIDCAP FINANCIAL INVESTMENT CORP,6211.0,190.0
03761U50,5.89,6.07,2015-09-18,MFIC,MIDCAP FINANCIAL INVESTMENT CORP,6211.0,190.0
03761U50,5.91,5.94,2015-09-21,MFIC,MIDCAP FINANCIAL INVESTMENT CORP,6211.0,190.0
03761U50,5.85,5.83,2015-09-22,MFIC,MIDCAP FINANCIAL INVESTMENT CORP,6211.0,190.0
03761U50,5.79,5.85,2015-09-23,MFIC,MIDCAP FINANCIAL INVESTMENT CORP,6211.0,190.0
03761U50,5.81,5.74,2015-09-24,MFIC,MIDCAP FINANCIAL INVESTMENT CORP,6211.0,190.0
03761U50,5.81,5.82,2015-09-25,MFIC,MIDCAP FINANCIAL INVESTMENT CORP,6211.0,190.0
03761U50,5.63,5.82,2015-09-28,MFIC,MIDCAP FINANCIAL INVESTMENT CORP,6211.0,190.0
03761U50,5.4,5.6,2015-09-29,MFIC,MIDCAP FINANCIAL INVESTMENT CORP,6211.0,190.0
03761U50,5.48,5.4,2015-09-30,MFIC,MIDCAP FINANCIAL INVESTMENT CORP,6211.0,190.0
03761U50,5.62,5.55,2015-10-01,MFIC,MIDCAP FINANCIAL INVESTMENT CORP,6211.0,190.0
03761U50,5.45,5.56,2015-10-02,MFIC,MIDCAP FINANCIAL INVESTMENT CORP,6211.0,190.0
03761U50,5.57,5.48,2015-10-05,MFIC,MIDCAP FINANCIAL INVESTMENT CORP,6211.0,190.0
03761U50,5.72,5.61,2015-10-06,MFIC,MIDCAP FINANCIAL INVESTMENT CORP,6211.0,190.0
03761U50,5.88,5.73,2015-10-07,MFIC,MIDCAP FINANCIAL INVESTMENT CORP,6211.0,190.0
03761U50,5.89,5.86,2015-10-08,MFIC,MIDCAP FINANCIAL INVESTMENT CORP,6211.0,190.0
03761U50,5.85,5.87,2015-10-09,MFIC,MIDCAP FINANCIAL INVESTMENT CORP,6211.0,190.0
03761U50,5.81,5.89,2015-10-12,MFIC,MIDCAP FINANCIAL INVESTMENT CORP,6211.0,190.0
03761U50,5.79,5.83,2015-10-13,MFIC,MIDCAP FINANCIAL INVESTMENT CORP,6211.0,190.0
03761U50,5.79,5.76,2015-10-14,MFIC,MIDCAP FINANCIAL INVESTMENT CORP,6211.0,190.0
03761U50,5.71,5.76,2015-10-15,MFIC,MIDCAP FINANCIAL INVESTMENT CORP,6211.0,190.0
03761U50,5.67,5.75,2015-10-16,MFIC,MIDCAP FINANCIAL INVESTMENT CORP,6211.0,190.0
03761U50,5.65,5.65,2015-10-19,MFIC,MIDCAP FINANCIAL INVESTMENT CORP,6211.0,190.0
03761U50,5.63,5.65,2015-10-20,MFIC,MIDCAP FINANCIAL INVESTMENT CORP,6211.0,190.0
03761U50,5.65,5.64,2015-10-21,MFIC,MIDCAP FINANCIAL INVESTMENT CORP,6211.0,190.0
03761U50,5.67,5.67,2015-10-22,MFIC,MIDCAP FINANCIAL INVESTMENT CORP,6211.0,190.0
03761U50,5.79,5.72,2015-10-23,MFIC,MIDCAP FINANCIAL INVESTMENT CORP,6211.0,190.0
03761U50,5.71,5.82,2015-10-26,MFIC,MIDCAP FINANCIAL INVESTMENT CORP,6211.0,190.0
03761U50,5.43,5.7,2015-10-27,MFIC,MIDCAP FINANCIAL INVESTMENT CORP,6211.0,190.0
03761U50,5.52,5.46,2015-10-28,MFIC,MIDCAP FINANCIAL INVESTMENT CORP,6211.0,190.0
03761U50,5.29,5.48,2015-10-29,MFIC,MIDCAP FINANCIAL INVESTMENT CORP,6211.0,190.0
03761U50,5.34,5.34,2015-10-30,MFIC,MIDCAP FINANCIAL INVESTMENT CORP,6211.0,190.0
03761U50,5.48,5.35,2015-11-02,MFIC,MIDCAP FINANCIAL INVESTMENT CORP,6211.0,190.0
03761U50,5.6,5.47,2015-11-03,MFIC,MIDCAP FINANCIAL INVESTMENT CORP,6211.0,190.0
03761U50,5.48,5.59,2015-11-04,MFIC,MIDCAP FINANCIAL INVESTMENT CORP,6211.0,190.0
03761U50,5.62,5.6,2015-11-05,MFIC,MIDCAP FINANCIAL INVESTMENT CORP,6211.0,190.0
03761U50,5.89,5.62,2015-11-06,MFIC,MIDCAP FINANCIAL INVESTMENT CORP,6211.0,190.0
03761U50,5.86,5.88,2015-11-09,MFIC,MIDCAP FINANCIAL INVESTMENT CORP,6211.0,190.0
03761U50,5.85,5.83,2015-11-10,MFIC,MIDCAP FINANCIAL INVESTMENT CORP,6211.0,190.0
03761U50,5.88,5.88,2015-11-11,MFIC,MIDCAP FINANCIAL INVESTMENT CORP,6211.0,190.0
03761U50,5.85,5.82,2015-11-12,MFIC,MIDCAP FINANCIAL INVESTMENT CORP,6211.0,190.0
03761U50,5.86,5.82,2015-11-13,MFIC,MIDCAP FINANCIAL INVESTMENT CORP,6211.0,190.0
03761U50,5.95,5.85,2015-11-16,MFIC,MIDCAP FINANCIAL INVESTMENT CORP,6211.0,190.0
03761U50,6.01,5.93,2015-11-17,MFIC,MIDCAP FINANCIAL INVESTMENT CORP,6211.0,190.0
03761U50,6.06,6.01,2015-11-18,MFIC,MIDCAP FINANCIAL INVESTMENT CORP,6211.0,190.0
03761U50,6.08,6.07,2015-11-19,MFIC,MIDCAP FINANCIAL INVESTMENT CORP,6211.0,190.0
03761U50,6.07,6.06,2015-11-20,MFIC,MIDCAP FINANCIAL INVESTMENT CORP,6211.0,190.0
03761U50,6.17,6.1,2015-11-23,MFIC,MIDCAP FINANCIAL INVESTMENT CORP,6211.0,190.0
03761U50,6.19,6.11,2015-11-24,MFIC,MIDCAP FINANCIAL INVESTMENT CORP,6211.0,190.0
03761U50,6.205,6.2,2015-11-25,MFIC,MIDCAP FINANCIAL INVESTMENT CORP,6211.0,190.0
03761U50,6.265,6.22,2015-11-27,MFIC,MIDCAP FINANCIAL INVESTMENT CORP,6211.0,190.0
03761U50,6.35,6.24,2015-11-30,MFIC,MIDCAP FINANCIAL INVESTMENT CORP,6211.0,190.0
03761U50,6.28,6.38,2015-12-01,MFIC,MIDCAP FINANCIAL INVESTMENT CORP,6211.0,190.0
03761U50,6.23,6.27,2015-12-02,MFIC,MIDCAP FINANCIAL INVESTMENT CORP,6211.0,190.0
03761U50,6.24,6.25,2015-12-03,MFIC,MIDCAP FINANCIAL INVESTMENT CORP,6211.0,190.0
03761U50,6.24,6.25,2015-12-04,MFIC,MIDCAP FINANCIAL INVESTMENT CORP,6211.0,190.0
03761U50,5.86,6.2,2015-12-07,MFIC,MIDCAP FINANCIAL INVESTMENT CORP,6211.0,190.0
03761U50,5.93,5.8,2015-12-08,MFIC,MIDCAP FINANCIAL INVESTMENT CORP,6211.0,190.0
03761U50,5.535,5.94,2015-12-09,MFIC,MIDCAP FINANCIAL INVESTMENT CORP,6211.0,190.0
03761U50,5.66,5.53,2015-12-10,MFIC,MIDCAP FINANCIAL INVESTMENT CORP,6211.0,190.0
03761U50,5.43,5.56,2015-12-11,MFIC,MIDCAP FINANCIAL INVESTMENT CORP,6211.0,190.0
03761U50,4.92,5.43,2015-12-14,MFIC,MIDCAP FINANCIAL INVESTMENT CORP,6211.0,190.0
03761U50,5.45,5.01,2015-12-15,MFIC,MIDCAP FINANCIAL INVESTMENT CORP,6211.0,190.0
03761U50,5.53,5.33,2015-12-16,MFIC,MIDCAP FINANCIAL INVESTMENT CORP,6211.0,190.0
03761U50,5.24,5.28,2015-12-17,MFIC,MIDCAP FINANCIAL INVESTMENT CORP,6211.0,190.0
03761U50,5.18,5.29,2015-12-18,MFIC,MIDCAP FINANCIAL INVESTMENT CORP,6211.0,190.0
03761U50,5.18,5.24,2015-12-21,MFIC,MIDCAP FINANCIAL INVESTMENT CORP,6211.0,190.0
03761U50,5.15,5.15,2015-12-22,MFIC,MIDCAP FINANCIAL INVESTMENT CORP,6211.0,190.0
03761U50,5.41,5.21,2015-12-23,MFIC,MIDCAP FINANCIAL INVESTMENT CORP,6211.0,190.0
03761U50,5.48,5.43,2015-12-24,MFIC,MIDCAP FINANCIAL INVESTMENT CORP,6211.0,190.0
03761U50,5.21,5.41,2015-12-28,MFIC,MIDCAP FINANCIAL INVESTMENT CORP,6211.0,190.0
03761U50,5.225,5.21,2015-12-29,MFIC,MIDCAP FINANCIAL INVESTMENT CORP,6211.0,190.0
03761U50,5.225,5.18,2015-12-30,MFIC,MIDCAP FINANCIAL INVESTMENT CORP,6211.0,190.0
03761U50,5.22,5.18,2015-12-31,MFIC,MIDCAP FINANCIAL INVESTMENT CORP,6211.0,190.0
03761U50,5.3,5.16,2016-01-04,MFIC,MIDCAP FINANCIAL INVESTMENT CORP,6211.0,190.0
03761U50,5.45,5.34,2016-01-05,MFIC,MIDCAP FINANCIAL INVESTMENT CORP,6211.0,190.0
03761U50,5.425,5.35,2016-01-06,MFIC,MIDCAP FINANCIAL INVESTMENT CORP,6211.0,190.0
03761U50,5.21,5.34,2016-01-07,MFIC,MIDCAP FINANCIAL INVESTMENT CORP,6211.0,190.0
03761U50,5.17,5.25,2016-01-08,MFIC,MIDCAP FINANCIAL INVESTMENT CORP,6211.0,190.0
03761U50,5.15,5.2,2016-01-11,MFIC,MIDCAP FINANCIAL INVESTMENT CORP,6211.0,190.0
03761U50,5.08,5.17,2016-01-12,MFIC,MIDCAP FINANCIAL INVESTMENT CORP,6211.0,190.0
03761U50,4.98,5.09,2016-01-13,MFIC,MIDCAP FINANCIAL INVESTMENT CORP,6211.0,190.0
03761U50,5.04,4.92,2016-01-14,MFIC,MIDCAP FINANCIAL INVESTMENT CORP,6211.0,190.0
03761U50,5.0,4.94,2016-01-15,MFIC,MIDCAP FINANCIAL INVESTMENT CORP,6211.0,190.0
03761U50,4.99,5.04,2016-01-19,MFIC,MIDCAP FINANCIAL INVESTMENT CORP,6211.0,190.0
03761U50,4.83,4.88,2016-01-20,MFIC,MIDCAP FINANCIAL INVESTMENT CORP,6211.0,190.0
03761U50,4.88,4.73,2016-01-21,MFIC,MIDCAP FINANCIAL INVESTMENT CORP,6211.0,190.0
03761U50,5.06,4.93,2016-01-22,MFIC,MIDCAP FINANCIAL INVESTMENT CORP,6211.0,190.0
03761U50,4.93,5.05,2016-01-25,MFIC,MIDCAP FINANCIAL INVESTMENT CORP,6211.0,190.0
03761U50,5.05,4.97,2016-01-26,MFIC,MIDCAP FINANCIAL INVESTMENT CORP,6211.0,190.0
03761U50,5.03,5.05,2016-01-27,MFIC,MIDCAP FINANCIAL INVESTMENT CORP,6211.0,190.0
03761U50,5.08,5.1,2016-01-28,MFIC,MIDCAP FINANCIAL INVESTMENT CORP,6211.0,190.0
03761U50,5.07,5.09,2016-01-29,MFIC,MIDCAP FINANCIAL INVESTMENT CORP,6211.0,190.0
03761U50,5.025,5.03,2016-02-01,MFIC,MIDCAP FINANCIAL INVESTMENT CORP,6211.0,190.0
03761U50,4.89,4.99,2016-02-02,MFIC,MIDCAP FINANCIAL INVESTMENT CORP,6211.0,190.0
03761U50,5.04,4.89,2016-02-03,MFIC,MIDCAP FINANCIAL INVESTMENT CORP,6211.0,190.0
03761U50,5.12,5.02,2016-02-04,MFIC,MIDCAP FINANCIAL INVESTMENT CORP,6211.0,190.0
03761U50,5.12,5.12,2016-02-05,MFIC,MIDCAP FINANCIAL INVESTMENT CORP,6211.0,190.0
03761U50,5.04,5.08,2016-02-08,MFIC,MIDCAP FINANCIAL INVESTMENT CORP,6211.0,190.0
03761U50,5.04,5.02,2016-02-09,MFIC,MIDCAP FINANCIAL INVESTMENT CORP,6211.0,190.0
03761U50,4.73,4.95,2016-02-10,MFIC,MIDCAP FINANCIAL INVESTMENT CORP,6211.0,190.0
03761U50,4.28,4.57,2016-02-11,MFIC,MIDCAP FINANCIAL INVESTMENT CORP,6211.0,190.0
03761U50,4.52,4.31,2016-02-12,MFIC,MIDCAP FINANCIAL INVESTMENT CORP,6211.0,190.0
03761U50,4.52,4.6,2016-02-16,MFIC,MIDCAP FINANCIAL INVESTMENT CORP,6211.0,190.0
03761U50,4.81,4.55,2016-02-17,MFIC,MIDCAP FINANCIAL INVESTMENT CORP,6211.0,190.0
03761U50,4.84,4.81,2016-02-18,MFIC,MIDCAP FINANCIAL INVESTMENT CORP,6211.0,190.0
03761U50,4.72,4.82,2016-02-19,MFIC,MIDCAP FINANCIAL INVESTMENT CORP,6211.0,190.0
03761U50,4.75,4.7,2016-02-22,MFIC,MIDCAP FINANCIAL INVESTMENT CORP,6211.0,190.0
03761U50,4.81,4.78,2016-02-23,MFIC,MIDCAP FINANCIAL INVESTMENT CORP,6211.0,190.0
03761U50,4.82,4.78,2016-02-24,MFIC,MIDCAP FINANCIAL INVESTMENT CORP,6211.0,190.0
03761U50,4.87,4.81,2016-02-25,MFIC,MIDCAP FINANCIAL INVESTMENT CORP,6211.0,190.0
03761U50,4.97,4.9,2016-02-26,MFIC,MIDCAP FINANCIAL INVESTMENT CORP,6211.0,190.0
03761U50,5.12,4.97,2016-02-29,MFIC,MIDCAP FINANCIAL INVESTMENT CORP,6211.0,190.0
03761U50,5.12,5.14,2016-03-01,MFIC,MIDCAP FINANCIAL INVESTMENT CORP,6211.0,190.0
03761U50,5.32,5.09,2016-03-02,MFIC,MIDCAP FINANCIAL INVESTMENT CORP,6211.0,190.0
03761U50,5.37,5.35,2016-03-03,MFIC,MIDCAP FINANCIAL INVESTMENT CORP,6211.0,190.0
03761U50,5.47,5.42,2016-03-04,MFIC,MIDCAP FINANCIAL INVESTMENT CORP,6211.0,190.0
03761U50,5.54,5.45,2016-03-07,MFIC,MIDCAP FINANCIAL INVESTMENT CORP,6211.0,190.0
03761U50,5.37,5.49,2016-03-08,MFIC,MIDCAP FINANCIAL INVESTMENT CORP,6211.0,190.0
03761U50,5.37,5.41,2016-03-09,MFIC,MIDCAP FINANCIAL INVESTMENT CORP,6211.0,190.0
03761U50,5.32,5.36,2016-03-10,MFIC,MIDCAP FINANCIAL INVESTMENT CORP,6211.0,190.0
03761U50,5.53,5.35,2016-03-11,MFIC,MIDCAP FINANCIAL INVESTMENT CORP,6211.0,190.0
03761U50,5.61,5.54,2016-03-14,MFIC,MIDCAP FINANCIAL INVESTMENT CORP,6211.0,190.0
03761U50,5.6,5.63,2016-03-15,MFIC,MIDCAP FINANCIAL INVESTMENT CORP,6211.0,190.0
03761U50,5.64,5.56,2016-03-16,MFIC,MIDCAP FINANCIAL INVESTMENT CORP,6211.0,190.0
03761U50,5.56,5.42,2016-03-17,MFIC,MIDCAP FINANCIAL INVESTMENT CORP,6211.0,190.0
03761U50,5.53,5.56,2016-03-18,MFIC,MIDCAP FINANCIAL INVESTMENT CORP,6211.0,190.0
03761U50,5.57,5.5,2016-03-21,MFIC,MIDCAP FINANCIAL INVESTMENT CORP,6211.0,190.0
03761U50,5.55,5.53,2016-03-22,MFIC,MIDCAP FINANCIAL INVESTMENT CORP,6211.0,190.0
03761U50,5.35,5.56,2016-03-23,MFIC,MIDCAP FINANCIAL INVESTMENT CORP,6211.0,190.0
03761U50,5.47,5.31,2016-03-24,MFIC,MIDCAP FINANCIAL INVESTMENT CORP,6211.0,190.0
03761U50,5.39,5.46,2016-03-28,MFIC,MIDCAP FINANCIAL INVESTMENT CORP,6211.0,190.0
03761U50,5.45,5.35,2016-03-29,MFIC,MIDCAP FINANCIAL INVESTMENT CORP,6211.0,190.0
03761U50,5.44,5.5,2016-03-30,MFIC,MIDCAP FINANCIAL INVESTMENT CORP,6211.0,190.0
03761U50,5.55,5.43,2016-03-31,MFIC,MIDCAP FINANCIAL INVESTMENT CORP,6211.0,190.0
03761U50,5.68,5.52,2016-04-01,MFIC,MIDCAP FINANCIAL INVESTMENT CORP,6211.0,190.0
03761U50,5.61,5.7,2016-04-04,MFIC,MIDCAP FINANCIAL INVESTMENT CORP,6211.0,190.0
03761U50,5.65,5.6,2016-04-05,MFIC,MIDCAP FINANCIAL INVESTMENT CORP,6211.0,190.0
03761U50,5.78,5.73,2016-04-06,MFIC,MIDCAP FINANCIAL INVESTMENT CORP,6211.0,190.0
03761U50,5.76,5.74,2016-04-07,MFIC,MIDCAP FINANCIAL INVESTMENT CORP,6211.0,190.0
03761U50,5.82,5.79,2016-04-08,MFIC,MIDCAP FINANCIAL INVESTMENT CORP,6211.0,190.0
03761U50,5.81,5.82,2016-04-11,MFIC,MIDCAP FINANCIAL INVESTMENT CORP,6211.0,190.0
03761U50,5.88,5.85,2016-04-12,MFIC,MIDCAP FINANCIAL INVESTMENT CORP,6211.0,190.0
03761U50,5.91,5.88,2016-04-13,MFIC,MIDCAP FINANCIAL INVESTMENT CORP,6211.0,190.0
03761U50,5.83,5.9,2016-04-14,MFIC,MIDCAP FINANCIAL INVESTMENT CORP,6211.0,190.0
03761U50,5.79,5.82,2016-04-15,MFIC,MIDCAP FINANCIAL INVESTMENT CORP,6211.0,190.0
03761U50,5.8,5.77,2016-04-18,MFIC,MIDCAP FINANCIAL INVESTMENT CORP,6211.0,190.0
03761U50,5.88,5.8,2016-04-19,MFIC,MIDCAP FINANCIAL INVESTMENT CORP,6211.0,190.0
03761U50,5.8,5.86,2016-04-20,MFIC,MIDCAP FINANCIAL INVESTMENT CORP,6211.0,190.0
03761U50,5.74,5.83,2016-04-21,MFIC,MIDCAP FINANCIAL INVESTMENT CORP,6211.0,190.0
03761U50,5.79,5.75,2016-04-22,MFIC,MIDCAP FINANCIAL INVESTMENT CORP,6211.0,190.0
03761U50,5.75,5.8,2016-04-25,MFIC,MIDCAP FINANCIAL INVESTMENT CORP,6211.0,190.0
03761U50,5.76,5.75,2016-04-26,MFIC,MIDCAP FINANCIAL INVESTMENT CORP,6211.0,190.0
03761U50,5.79,5.75,2016-04-27,MFIC,MIDCAP FINANCIAL INVESTMENT CORP,6211.0,190.0
03761U50,5.79,5.77,2016-04-28,MFIC,MIDCAP FINANCIAL INVESTMENT CORP,6211.0,190.0
03761U50,5.82,5.83,2016-04-29,MFIC,MIDCAP FINANCIAL INVESTMENT CORP,6211.0,190.0
03761U50,5.72,5.82,2016-05-02,MFIC,MIDCAP FINANCIAL INVESTMENT CORP,6211.0,190.0
03761U50,5.71,5.73,2016-05-03,MFIC,MIDCAP FINANCIAL INVESTMENT CORP,6211.0,190.0
03761U50,5.68,5.67,2016-05-04,MFIC,MIDCAP FINANCIAL INVESTMENT CORP,6211.0,190.0
03761U50,5.66,5.67,2016-05-05,MFIC,MIDCAP FINANCIAL INVESTMENT CORP,6211.0,190.0
03761U50,5.7,5.65,2016-05-06,MFIC,MIDCAP FINANCIAL INVESTMENT CORP,6211.0,190.0
03761U50,5.57,5.68,2016-05-09,MFIC,MIDCAP FINANCIAL INVESTMENT CORP,6211.0,190.0
03761U50,5.68,5.62,2016-05-10,MFIC,MIDCAP FINANCIAL INVESTMENT CORP,6211.0,190.0
03761U50,5.7,5.64,2016-05-11,MFIC,MIDCAP FINANCIAL INVESTMENT CORP,6211.0,190.0
03761U50,5.7,5.71,2016-05-12,MFIC,MIDCAP FINANCIAL INVESTMENT CORP,6211.0,190.0
03761U50,5.65,5.69,2016-05-13,MFIC,MIDCAP FINANCIAL INVESTMENT CORP,6211.0,190.0
03761U50,5.69,5.65,2016-05-16,MFIC,MIDCAP FINANCIAL INVESTMENT CORP,6211.0,190.0
03761U50,5.72,5.65,2016-05-17,MFIC,MIDCAP FINANCIAL INVESTMENT CORP,6211.0,190.0
03761U50,5.68,5.72,2016-05-18,MFIC,MIDCAP FINANCIAL INVESTMENT CORP,6211.0,190.0
03761U50,5.35,5.5,2016-05-19,MFIC,MIDCAP FINANCIAL INVESTMENT CORP,6211.0,190.0
03761U50,5.21,5.27,2016-05-20,MFIC,MIDCAP FINANCIAL INVESTMENT CORP,6211.0,190.0
03761U50,5.15,5.2,2016-05-23,MFIC,MIDCAP FINANCIAL INVESTMENT CORP,6211.0,190.0
03761U50,5.16,5.13,2016-05-24,MFIC,MIDCAP FINANCIAL INVESTMENT CORP,6211.0,190.0
03761U50,5.31,5.2,2016-05-25,MFIC,MIDCAP FINANCIAL INVESTMENT CORP,6211.0,190.0
03761U50,5.27,5.31,2016-05-26,MFIC,MIDCAP FINANCIAL INVESTMENT CORP,6211.0,190.0
03761U50,5.25,5.26,2016-05-27,MFIC,MIDCAP FINANCIAL INVESTMENT CORP,6211.0,190.0
03761U50,5.23,5.27,2016-05-31,MFIC,MIDCAP FINANCIAL INVESTMENT CORP,6211.0,190.0
03761U50,5.31,5.23,2016-06-01,MFIC,MIDCAP FINANCIAL INVESTMENT CORP,6211.0,190.0
03761U50,5.3,5.27,2016-06-02,MFIC,MIDCAP FINANCIAL INVESTMENT CORP,6211.0,190.0
03761U50,5.32,5.29,2016-06-03,MFIC,MIDCAP FINANCIAL INVESTMENT CORP,6211.0,190.0
03761U50,5.44,5.33,2016-06-06,MFIC,MIDCAP FINANCIAL INVESTMENT CORP,6211.0,190.0
03761U50,5.48,5.41,2016-06-07,MFIC,MIDCAP FINANCIAL INVESTMENT CORP,6211.0,190.0
03761U50,5.5,5.5,2016-06-08,MFIC,MIDCAP FINANCIAL INVESTMENT CORP,6211.0,190.0
03761U50,5.5,5.49,2016-06-09,MFIC,MIDCAP FINANCIAL INVESTMENT CORP,6211.0,190.0
03761U50,5.48,5.47,2016-06-10,MFIC,MIDCAP FINANCIAL INVESTMENT CORP,6211.0,190.0
03761U50,5.58,5.46,2016-06-13,MFIC,MIDCAP FINANCIAL INVESTMENT CORP,6211.0,190.0
03761U50,5.57,5.6,2016-06-14,MFIC,MIDCAP FINANCIAL INVESTMENT CORP,6211.0,190.0
03761U50,5.64,5.57,2016-06-15,MFIC,MIDCAP FINANCIAL INVESTMENT CORP,6211.0,190.0
03761U50,5.66,5.61,2016-06-16,MFIC,MIDCAP FINANCIAL INVESTMENT CORP,6211.0,190.0
03761U50,5.47,5.46,2016-06-17,MFIC,MIDCAP FINANCIAL INVESTMENT CORP,6211.0,190.0
03761U50,5.35,5.5,2016-06-20,MFIC,MIDCAP FINANCIAL INVESTMENT CORP,6211.0,190.0
03761U50,5.42,5.35,2016-06-21,MFIC,MIDCAP FINANCIAL INVESTMENT CORP,6211.0,190.0
03761U50,5.41,5.4,2016-06-22,MFIC,MIDCAP FINANCIAL INVESTMENT CORP,6211.0,190.0
03761U50,5.52,5.48,2016-06-23,MFIC,MIDCAP FINANCIAL INVESTMENT CORP,6211.0,190.0
03761U50,5.48,5.47,2016-06-24,MFIC,MIDCAP FINANCIAL INVESTMENT CORP,6211.0,190.0
03761U50,5.26,5.46,2016-06-27,MFIC,MIDCAP FINANCIAL INVESTMENT CORP,6211.0,190.0
03761U50,5.32,5.37,2016-06-28,MFIC,MIDCAP FINANCIAL INVESTMENT CORP,6211.0,190.0
03761U50,5.51,5.4,2016-06-29,MFIC,MIDCAP FINANCIAL INVESTMENT CORP,6211.0,190.0
03761U50,5.54,5.51,2016-06-30,MFIC,MIDCAP FINANCIAL INVESTMENT CORP,6211.0,190.0
03761U50,5.62,5.52,2016-07-01,MFIC,MIDCAP FINANCIAL INVESTMENT CORP,6211.0,190.0
03761U50,5.53,5.55,2016-07-05,MFIC,MIDCAP FINANCIAL INVESTMENT CORP,6211.0,190.0
03761U50,5.58,5.64,2016-07-06,MFIC,MIDCAP FINANCIAL INVESTMENT CORP,6211.0,190.0
03761U50,5.68,5.55,2016-07-07,MFIC,MIDCAP FINANCIAL INVESTMENT CORP,6211.0,190.0
03761U50,5.51,5.58,2016-07-08,MFIC,MIDCAP FINANCIAL INVESTMENT CORP,6211.0,190.0
03761U50,5.52,5.51,2016-07-11,MFIC,MIDCAP FINANCIAL INVESTMENT CORP,6211.0,190.0
03761U50,5.59,5.53,2016-07-12,MFIC,MIDCAP FINANCIAL INVESTMENT CORP,6211.0,190.0
03761U50,5.52,5.59,2016-07-13,MFIC,MIDCAP FINANCIAL INVESTMENT CORP,6211.0,190.0
03761U50,5.52,5.55,2016-07-14,MFIC,MIDCAP FINANCIAL INVESTMENT CORP,6211.0,190.0
03761U50,5.54,5.49,2016-07-15,MFIC,MIDCAP FINANCIAL INVESTMENT CORP,6211.0,190.0
03761U50,5.58,5.51,2016-07-18,MFIC,MIDCAP FINANCIAL INVESTMENT CORP,6211.0,190.0
03761U50,5.61,5.6,2016-07-19,MFIC,MIDCAP FINANCIAL INVESTMENT CORP,6211.0,190.0
03761U50,5.67,5.6,2016-07-20,MFIC,MIDCAP FINANCIAL INVESTMENT CORP,6211.0,190.0
03761U50,5.64,5.7,2016-07-21,MFIC,MIDCAP FINANCIAL INVESTMENT CORP,6211.0,190.0
03761U50,5.7,5.64,2016-07-22,MFIC,MIDCAP FINANCIAL INVESTMENT CORP,6211.0,190.0
03761U50,5.7,5.65,2016-07-25,MFIC,MIDCAP FINANCIAL INVESTMENT CORP,6211.0,190.0
03761U50,5.68,5.7,2016-07-26,MFIC,MIDCAP FINANCIAL INVESTMENT CORP,6211.0,190.0
03761U50,5.74,5.7,2016-07-27,MFIC,MIDCAP FINANCIAL INVESTMENT CORP,6211.0,190.0
03761U50,5.71,5.7,2016-07-28,MFIC,MIDCAP FINANCIAL INVESTMENT CORP,6211.0,190.0
03761U50,5.76,5.7,2016-07-29,MFIC,MIDCAP FINANCIAL INVESTMENT CORP,6211.0,190.0
03761U50,5.71,5.74,2016-08-01,MFIC,MIDCAP FINANCIAL INVESTMENT CORP,6211.0,190.0
03761U50,5.64,5.7,2016-08-02,MFIC,MIDCAP FINANCIAL INVESTMENT CORP,6211.0,190.0
03761U50,5.75,5.64,2016-08-03,MFIC,MIDCAP FINANCIAL INVESTMENT CORP,6211.0,190.0
03761U50,5.71,5.76,2016-08-04,MFIC,MIDCAP FINANCIAL INVESTMENT CORP,6211.0,190.0
03761U50,5.64,5.5,2016-08-05,MFIC,MIDCAP FINANCIAL INVESTMENT CORP,6211.0,190.0
03761U50,5.57,5.6,2016-08-08,MFIC,MIDCAP FINANCIAL INVESTMENT CORP,6211.0,190.0
03761U50,5.68,5.55,2016-08-09,MFIC,MIDCAP FINANCIAL INVESTMENT CORP,6211.0,190.0
03761U50,5.78,5.66,2016-08-10,MFIC,MIDCAP FINANCIAL INVESTMENT CORP,6211.0,190.0
03761U50,5.91,5.77,2016-08-11,MFIC,MIDCAP FINANCIAL INVESTMENT CORP,6211.0,190.0
03761U50,5.94,5.84,2016-08-12,MFIC,MIDCAP FINANCIAL INVESTMENT CORP,6211.0,190.0
03761U50,5.98,5.92,2016-08-15,MFIC,MIDCAP FINANCIAL INVESTMENT CORP,6211.0,190.0
03761U50,6.04,5.99,2016-08-16,MFIC,MIDCAP FINANCIAL INVESTMENT CORP,6211.0,190.0
03761U50,6.01,6.02,2016-08-17,MFIC,MIDCAP FINANCIAL INVESTMENT CORP,6211.0,190.0
03761U50,6.07,6.01,2016-08-18,MFIC,MIDCAP FINANCIAL INVESTMENT CORP,6211.0,190.0
03761U50,6.06,6.0,2016-08-19,MFIC,MIDCAP FINANCIAL INVESTMENT CORP,6211.0,190.0
03761U50,6.06,6.02,2016-08-22,MFIC,MIDCAP FINANCIAL INVESTMENT CORP,6211.0,190.0
03761U50,6.08,6.11,2016-08-23,MFIC,MIDCAP FINANCIAL INVESTMENT CORP,6211.0,190.0
03761U50,6.14,6.08,2016-08-24,MFIC,MIDCAP FINANCIAL INVESTMENT CORP,6211.0,190.0
03761U50,6.1,6.14,2016-08-25,MFIC,MIDCAP FINANCIAL INVESTMENT CORP,6211.0,190.0
03761U50,6.13,6.12,2016-08-26,MFIC,MIDCAP FINANCIAL INVESTMENT CORP,6211.0,190.0
03761U50,6.17,6.1,2016-08-29,MFIC,MIDCAP FINANCIAL INVESTMENT CORP,6211.0,190.0
03761U50,6.19,6.15,2016-08-30,MFIC,MIDCAP FINANCIAL INVESTMENT CORP,6211.0,190.0
03761U50,6.13,6.19,2016-08-31,MFIC,MIDCAP FINANCIAL INVESTMENT CORP,6211.0,190.0
03761U50,6.11,6.11,2016-09-01,MFIC,MIDCAP FINANCIAL INVESTMENT CORP,6211.0,190.0
03761U50,6.09,6.09,2016-09-02,MFIC,MIDCAP FINANCIAL INVESTMENT CORP,6211.0,190.0
03761U50,6.12,6.1,2016-09-06,MFIC,MIDCAP FINANCIAL INVESTMENT CORP,6211.0,190.0
03761U50,6.11,6.1,2016-09-07,MFIC,MIDCAP FINANCIAL INVESTMENT CORP,6211.0,190.0
03761U50,6.14,6.1,2016-09-08,MFIC,MIDCAP FINANCIAL INVESTMENT CORP,6211.0,190.0
03761U50,6.03,6.12,2016-09-09,MFIC,MIDCAP FINANCIAL INVESTMENT CORP,6211.0,190.0
03761U50,6.01,6.0,2016-09-12,MFIC,MIDCAP FINANCIAL INVESTMENT CORP,6211.0,190.0
03761U50,6.08,5.95,2016-09-13,MFIC,MIDCAP FINANCIAL INVESTMENT CORP,6211.0,190.0
03761U50,5.96,6.1,2016-09-14,MFIC,MIDCAP FINANCIAL INVESTMENT CORP,6211.0,190.0
03761U50,6.01,5.93,2016-09-15,MFIC,MIDCAP FINANCIAL INVESTMENT CORP,6211.0,190.0
03761U50,6.0,6.04,2016-09-16,MFIC,MIDCAP FINANCIAL INVESTMENT CORP,6211.0,190.0
03761U50,5.84,5.83,2016-09-19,MFIC,MIDCAP FINANCIAL INVESTMENT CORP,6211.0,190.0
03761U50,5.82,5.87,2016-09-20,MFIC,MIDCAP FINANCIAL INVESTMENT CORP,6211.0,190.0
03761U50,5.86,5.86,2016-09-21,MFIC,MIDCAP FINANCIAL INVESTMENT CORP,6211.0,190.0
03761U50,5.92,5.9,2016-09-22,MFIC,MIDCAP FINANCIAL INVESTMENT CORP,6211.0,190.0
03761U50,5.86,5.9,2016-09-23,MFIC,MIDCAP FINANCIAL INVESTMENT CORP,6211.0,190.0
03761U50,5.83,5.85,2016-09-26,MFIC,MIDCAP FINANCIAL INVESTMENT CORP,6211.0,190.0
03761U50,5.83,5.83,2016-09-27,MFIC,MIDCAP FINANCIAL INVESTMENT CORP,6211.0,190.0
03761U50,5.86,5.81,2016-09-28,MFIC,MIDCAP FINANCIAL INVESTMENT CORP,6211.0,190.0
03761U50,5.8,5.83,2016-09-29,MFIC,MIDCAP FINANCIAL INVESTMENT CORP,6211.0,190.0
03761U50,5.8,5.79,2016-09-30,MFIC,MIDCAP FINANCIAL INVESTMENT CORP,6211.0,190.0
03761U50,5.83,5.76,2016-10-03,MFIC,MIDCAP FINANCIAL INVESTMENT CORP,6211.0,190.0
03761U50,5.86,5.82,2016-10-04,MFIC,MIDCAP FINANCIAL INVESTMENT CORP,6211.0,190.0
03761U50,5.96,5.85,2016-10-05,MFIC,MIDCAP FINANCIAL INVESTMENT CORP,6211.0,190.0
03761U50,5.95,5.99,2016-10-06,MFIC,MIDCAP FINANCIAL INVESTMENT CORP,6211.0,190.0
03761U50,5.96,5.94,2016-10-07,MFIC,MIDCAP FINANCIAL INVESTMENT CORP,6211.0,190.0
03761U50,5.96,5.96,2016-10-10,MFIC,MIDCAP FINANCIAL INVESTMENT CORP,6211.0,190.0
03761U50,5.93,5.94,2016-10-11,MFIC,MIDCAP FINANCIAL INVESTMENT CORP,6211.0,190.0
03761U50,5.94,5.9,2016-10-12,MFIC,MIDCAP FINANCIAL INVESTMENT CORP,6211.0,190.0
03761U50,5.95,5.89,2016-10-13,MFIC,MIDCAP FINANCIAL INVESTMENT CORP,6211.0,190.0
03761U50,5.88,5.93,2016-10-14,MFIC,MIDCAP FINANCIAL INVESTMENT CORP,6211.0,190.0
03761U50,5.86,5.85,2016-10-17,MFIC,MIDCAP FINANCIAL INVESTMENT CORP,6211.0,190.0
03761U50,5.89,5.87,2016-10-18,MFIC,MIDCAP FINANCIAL INVESTMENT CORP,6211.0,190.0
03761U50,5.93,5.9,2016-10-19,MFIC,MIDCAP FINANCIAL INVESTMENT CORP,6211.0,190.0
03761U50,5.95,5.9,2016-10-20,MFIC,MIDCAP FINANCIAL INVESTMENT CORP,6211.0,190.0
03761U50,6.0,5.95,2016-10-21,MFIC,MIDCAP FINANCIAL INVESTMENT CORP,6211.0,190.0
03761U50,6.05,5.95,2016-10-24,MFIC,MIDCAP FINANCIAL INVESTMENT CORP,6211.0,190.0
03761U50,6.09,6.05,2016-10-25,MFIC,MIDCAP FINANCIAL INVESTMENT CORP,6211.0,190.0
03761U50,6.09,6.05,2016-10-26,MFIC,MIDCAP FINANCIAL INVESTMENT CORP,6211.0,190.0
03761U50,6.02,6.08,2016-10-27,MFIC,MIDCAP FINANCIAL INVESTMENT CORP,6211.0,190.0
03761U50,6.04,6.05,2016-10-28,MFIC,MIDCAP FINANCIAL INVESTMENT CORP,6211.0,190.0
03761U50,5.91,5.98,2016-10-31,MFIC,MIDCAP FINANCIAL INVESTMENT CORP,6211.0,190.0
03761U50,5.88,5.94,2016-11-01,MFIC,MIDCAP FINANCIAL INVESTMENT CORP,6211.0,190.0
03761U50,5.81,5.88,2016-11-02,MFIC,MIDCAP FINANCIAL INVESTMENT CORP,6211.0,190.0
03761U50,5.72,5.8,2016-11-03,MFIC,MIDCAP FINANCIAL INVESTMENT CORP,6211.0,190.0
03761U50,5.71,5.69,2016-11-04,MFIC,MIDCAP FINANCIAL INVESTMENT CORP,6211.0,190.0
03761U50,5.8,5.7,2016-11-07,MFIC,MIDCAP FINANCIAL INVESTMENT CORP,6211.0,190.0
03761U50,5.96,5.66,2016-11-08,MFIC,MIDCAP FINANCIAL INVESTMENT CORP,6211.0,190.0
03761U50,6.06,5.74,2016-11-09,MFIC,MIDCAP FINANCIAL INVESTMENT CORP,6211.0,190.0
03761U50,6.0,6.1,2016-11-10,MFIC,MIDCAP FINANCIAL INVESTMENT CORP,6211.0,190.0
03761U50,5.96,6.0,2016-11-11,MFIC,MIDCAP FINANCIAL INVESTMENT CORP,6211.0,190.0
03761U50,5.97,5.96,2016-11-14,MFIC,MIDCAP FINANCIAL INVESTMENT CORP,6211.0,190.0
03761U50,5.96,6.0,2016-11-15,MFIC,MIDCAP FINANCIAL INVESTMENT CORP,6211.0,190.0
03761U50,6.0,5.98,2016-11-16,MFIC,MIDCAP FINANCIAL INVESTMENT CORP,6211.0,190.0
03761U50,6.05,6.04,2016-11-17,MFIC,MIDCAP FINANCIAL INVESTMENT CORP,6211.0,190.0
03761U50,6.02,6.07,2016-11-18,MFIC,MIDCAP FINANCIAL INVESTMENT CORP,6211.0,190.0
03761U50,6.02,6.05,2016-11-21,MFIC,MIDCAP FINANCIAL INVESTMENT CORP,6211.0,190.0
03761U50,6.05,6.04,2016-11-22,MFIC,MIDCAP FINANCIAL INVESTMENT CORP,6211.0,190.0
03761U50,6.03,6.01,2016-11-23,MFIC,MIDCAP FINANCIAL INVESTMENT CORP,6211.0,190.0
03761U50,6.21,6.05,2016-11-25,MFIC,MIDCAP FINANCIAL INVESTMENT CORP,6211.0,190.0
03761U50,6.14,6.21,2016-11-28,MFIC,MIDCAP FINANCIAL INVESTMENT CORP,6211.0,190.0
03761U50,6.13,6.16,2016-11-29,MFIC,MIDCAP FINANCIAL INVESTMENT CORP,6211.0,190.0
03761U50,6.16,6.15,2016-11-30,MFIC,MIDCAP FINANCIAL INVESTMENT CORP,6211.0,190.0
03761U50,6.04,6.2,2016-12-01,MFIC,MIDCAP FINANCIAL INVESTMENT CORP,6211.0,190.0
03761U50,5.97,6.03,2016-12-02,MFIC,MIDCAP FINANCIAL INVESTMENT CORP,6211.0,190.0
03761U50,6.0,5.95,2016-12-05,MFIC,MIDCAP FINANCIAL INVESTMENT CORP,6211.0,190.0
03761U50,6.0,6.03,2016-12-06,MFIC,MIDCAP FINANCIAL INVESTMENT CORP,6211.0,190.0
03761U50,6.09,6.0,2016-12-07,MFIC,MIDCAP FINANCIAL INVESTMENT CORP,6211.0,190.0
03761U50,6.08,6.09,2016-12-08,MFIC,MIDCAP FINANCIAL INVESTMENT CORP,6211.0,190.0
03761U50,6.07,6.06,2016-12-09,MFIC,MIDCAP FINANCIAL INVESTMENT CORP,6211.0,190.0
03761U50,6.1,6.07,2016-12-12,MFIC,MIDCAP FINANCIAL INVESTMENT CORP,6211.0,190.0
03761U50,6.12,6.14,2016-12-13,MFIC,MIDCAP FINANCIAL INVESTMENT CORP,6211.0,190.0
03761U50,6.08,6.07,2016-12-14,MFIC,MIDCAP FINANCIAL INVESTMENT CORP,6211.0,190.0
03761U50,6.07,6.07,2016-12-15,MFIC,MIDCAP FINANCIAL INVESTMENT CORP,6211.0,190.0
03761U50,6.15,6.05,2016-12-16,MFIC,MIDCAP FINANCIAL INVESTMENT CORP,6211.0,190.0
03761U50,5.9,6.0,2016-12-19,MFIC,MIDCAP FINANCIAL INVESTMENT CORP,6211.0,190.0
03761U50,5.89,5.94,2016-12-20,MFIC,MIDCAP FINANCIAL INVESTMENT CORP,6211.0,190.0
03761U50,5.88,5.9,2016-12-21,MFIC,MIDCAP FINANCIAL INVESTMENT CORP,6211.0,190.0
03761U50,5.88,5.88,2016-12-22,MFIC,MIDCAP FINANCIAL INVESTMENT CORP,6211.0,190.0
03761U50,5.86,5.87,2016-12-23,MFIC,MIDCAP FINANCIAL INVESTMENT CORP,6211.0,190.0
03761U50,5.83,5.85,2016-12-27,MFIC,MIDCAP FINANCIAL INVESTMENT CORP,6211.0,190.0
03761U50,5.8,5.81,2016-12-28,MFIC,MIDCAP FINANCIAL INVESTMENT CORP,6211.0,190.0
03761U50,5.88,5.81,2016-12-29,MFIC,MIDCAP FINANCIAL INVESTMENT CORP,6211.0,190.0
03761U50,5.86,5.85,2016-12-30,MFIC,MIDCAP FINANCIAL INVESTMENT CORP,6211.0,190.0
03761U50,5.94,5.85,2017-01-03,MFIC,MIDCAP FINANCIAL INVESTMENT CORP,6211.0,190.0
03761U50,6.09,5.97,2017-01-04,MFIC,MIDCAP FINANCIAL INVESTMENT CORP,6211.0,190.0
03761U50,6.12,6.1,2017-01-05,MFIC,MIDCAP FINANCIAL INVESTMENT CORP,6211.0,190.0
03761U50,6.1,6.14,2017-01-06,MFIC,MIDCAP FINANCIAL INVESTMENT CORP,6211.0,190.0
03761U50,6.08,6.12,2017-01-09,MFIC,MIDCAP FINANCIAL INVESTMENT CORP,6211.0,190.0
03761U50,6.08,6.11,2017-01-10,MFIC,MIDCAP FINANCIAL INVESTMENT CORP,6211.0,190.0
03761U50,6.15,6.08,2017-01-11,MFIC,MIDCAP FINANCIAL INVESTMENT CORP,6211.0,190.0
03761U50,6.02,6.14,2017-01-12,MFIC,MIDCAP FINANCIAL INVESTMENT CORP,6211.0,190.0
03761U50,6.03,6.04,2017-01-13,MFIC,MIDCAP FINANCIAL INVESTMENT CORP,6211.0,190.0
03761U50,6.01,6.03,2017-01-17,MFIC,MIDCAP FINANCIAL INVESTMENT CORP,6211.0,190.0
03761U50,5.95,6.0,2017-01-18,MFIC,MIDCAP FINANCIAL INVESTMENT CORP,6211.0,190.0
03761U50,5.92,5.96,2017-01-19,MFIC,MIDCAP FINANCIAL INVESTMENT CORP,6211.0,190.0
03761U50,5.94,5.92,2017-01-20,MFIC,MIDCAP FINANCIAL INVESTMENT CORP,6211.0,190.0
03761U50,5.9,5.96,2017-01-23,MFIC,MIDCAP FINANCIAL INVESTMENT CORP,6211.0,190.0
03761U50,5.93,5.91,2017-01-24,MFIC,MIDCAP FINANCIAL INVESTMENT CORP,6211.0,190.0
03761U50,5.96,5.97,2017-01-25,MFIC,MIDCAP FINANCIAL INVESTMENT CORP,6211.0,190.0
03761U50,5.9,5.95,2017-01-26,MFIC,MIDCAP FINANCIAL INVESTMENT CORP,6211.0,190.0
03761U50,5.86,5.91,2017-01-27,MFIC,MIDCAP FINANCIAL INVESTMENT CORP,6211.0,190.0
03761U50,5.89,5.84,2017-01-30,MFIC,MIDCAP FINANCIAL INVESTMENT CORP,6211.0,190.0
03761U50,5.86,5.87,2017-01-31,MFIC,MIDCAP FINANCIAL INVESTMENT CORP,6211.0,190.0
03761U50,5.99,5.89,2017-02-01,MFIC,MIDCAP FINANCIAL INVESTMENT CORP,6211.0,190.0
03761U50,5.96,5.98,2017-02-02,MFIC,MIDCAP FINANCIAL INVESTMENT CORP,6211.0,190.0
03761U50,6.02,5.98,2017-02-03,MFIC,MIDCAP FINANCIAL INVESTMENT CORP,6211.0,190.0
03761U50,6.06,5.98,2017-02-06,MFIC,MIDCAP FINANCIAL INVESTMENT CORP,6211.0,190.0
03761U50,5.92,6.02,2017-02-07,MFIC,MIDCAP FINANCIAL INVESTMENT CORP,6211.0,190.0
03761U50,6.01,5.88,2017-02-08,MFIC,MIDCAP FINANCIAL INVESTMENT CORP,6211.0,190.0
03761U50,6.03,6.03,2017-02-09,MFIC,MIDCAP FINANCIAL INVESTMENT CORP,6211.0,190.0
03761U50,6.12,6.03,2017-02-10,MFIC,MIDCAP FINANCIAL INVESTMENT CORP,6211.0,190.0
03761U50,6.12,6.12,2017-02-13,MFIC,MIDCAP FINANCIAL INVESTMENT CORP,6211.0,190.0
03761U50,6.17,6.12,2017-02-14,MFIC,MIDCAP FINANCIAL INVESTMENT CORP,6211.0,190.0
03761U50,6.22,6.19,2017-02-15,MFIC,MIDCAP FINANCIAL INVESTMENT CORP,6211.0,190.0
03761U50,6.22,6.24,2017-02-16,MFIC,MIDCAP FINANCIAL INVESTMENT CORP,6211.0,190.0
03761U50,6.27,6.23,2017-02-17,MFIC,MIDCAP FINANCIAL INVESTMENT CORP,6211.0,190.0
03761U50,6.24,6.29,2017-02-21,MFIC,MIDCAP FINANCIAL INVESTMENT CORP,6211.0,190.0
03761U50,6.29,6.2,2017-02-22,MFIC,MIDCAP FINANCIAL INVESTMENT CORP,6211.0,190.0
03761U50,6.34,6.34,2017-02-23,MFIC,MIDCAP FINANCIAL INVESTMENT CORP,6211.0,190.0
03761U50,6.32,6.33,2017-02-24,MFIC,MIDCAP FINANCIAL INVESTMENT CORP,6211.0,190.0
03761U50,6.32,6.25,2017-02-27,MFIC,MIDCAP FINANCIAL INVESTMENT CORP,6211.0,190.0
03761U50,6.33,6.32,2017-02-28,MFIC,MIDCAP FINANCIAL INVESTMENT CORP,6211.0,190.0
03761U50,6.4,6.36,2017-03-01,MFIC,MIDCAP FINANCIAL INVESTMENT CORP,6211.0,190.0
03761U50,6.38,6.39,2017-03-02,MFIC,MIDCAP FINANCIAL INVESTMENT CORP,6211.0,190.0
03761U50,6.43,6.4,2017-03-03,MFIC,MIDCAP FINANCIAL INVESTMENT CORP,6211.0,190.0
03761U50,6.51,6.4,2017-03-06,MFIC,MIDCAP FINANCIAL INVESTMENT CORP,6211.0,190.0
03761U50,6.44,6.51,2017-03-07,MFIC,MIDCAP FINANCIAL INVESTMENT CORP,6211.0,190.0
03761U50,6.46,6.44,2017-03-08,MFIC,MIDCAP FINANCIAL INVESTMENT CORP,6211.0,190.0
03761U50,6.33,6.48,2017-03-09,MFIC,MIDCAP FINANCIAL INVESTMENT CORP,6211.0,190.0
03761U50,6.38,6.33,2017-03-10,MFIC,MIDCAP FINANCIAL INVESTMENT CORP,6211.0,190.0
03761U50,6.39,6.4,2017-03-13,MFIC,MIDCAP FINANCIAL INVESTMENT CORP,6211.0,190.0
03761U50,6.35,6.42,2017-03-14,MFIC,MIDCAP FINANCIAL INVESTMENT CORP,6211.0,190.0
03761U50,6.46,6.35,2017-03-15,MFIC,MIDCAP FINANCIAL INVESTMENT CORP,6211.0,190.0
03761U50,6.46,6.5,2017-03-16,MFIC,MIDCAP FINANCIAL INVESTMENT CORP,6211.0,190.0
03761U50,6.34,6.35,2017-03-17,MFIC,MIDCAP FINANCIAL INVESTMENT CORP,6211.0,190.0
03761U50,6.33,6.37,2017-03-20,MFIC,MIDCAP FINANCIAL INVESTMENT CORP,6211.0,190.0
03761U50,6.21,6.34,2017-03-21,MFIC,MIDCAP FINANCIAL INVESTMENT CORP,6211.0,190.0
03761U50,6.16,6.25,2017-03-22,MFIC,MIDCAP FINANCIAL INVESTMENT CORP,6211.0,190.0
03761U50,6.15,6.18,2017-03-23,MFIC,MIDCAP FINANCIAL INVESTMENT CORP,6211.0,190.0
03761U50,6.18,6.19,2017-03-24,MFIC,MIDCAP FINANCIAL INVESTMENT CORP,6211.0,190.0
03761U50,6.17,6.16,2017-03-27,MFIC,MIDCAP FINANCIAL INVESTMENT CORP,6211.0,190.0
03761U50,6.24,6.17,2017-03-28,MFIC,MIDCAP FINANCIAL INVESTMENT CORP,6211.0,190.0
03761U50,6.36,6.26,2017-03-29,MFIC,MIDCAP FINANCIAL INVESTMENT CORP,6211.0,190.0
03761U50,6.47,6.4,2017-03-30,MFIC,MIDCAP FINANCIAL INVESTMENT CORP,6211.0,190.0
03761U50,6.56,6.46,2017-03-31,MFIC,MIDCAP FINANCIAL INVESTMENT CORP,6211.0,190.0
03761U50,6.56,6.55,2017-04-03,MFIC,MIDCAP FINANCIAL INVESTMENT CORP,6211.0,190.0
03761U50,6.56,6.54,2017-04-04,MFIC,MIDCAP FINANCIAL INVESTMENT CORP,6211.0,190.0
03761U50,6.5,6.58,2017-04-05,MFIC,MIDCAP FINANCIAL INVESTMENT CORP,6211.0,190.0
03761U50,6.66,6.51,2017-04-06,MFIC,MIDCAP FINANCIAL INVESTMENT CORP,6211.0,190.0
03761U50,6.6,6.63,2017-04-07,MFIC,MIDCAP FINANCIAL INVESTMENT CORP,6211.0,190.0
03761U50,6.6,6.6,2017-04-10,MFIC,MIDCAP FINANCIAL INVESTMENT CORP,6211.0,190.0
03761U50,6.68,6.63,2017-04-11,MFIC,MIDCAP FINANCIAL INVESTMENT CORP,6211.0,190.0
03761U50,6.64,6.68,2017-04-12,MFIC,MIDCAP FINANCIAL INVESTMENT CORP,6211.0,190.0
03761U50,6.6,6.6,2017-04-13,MFIC,MIDCAP FINANCIAL INVESTMENT CORP,6211.0,190.0
03761U50,6.58,6.6,2017-04-17,MFIC,MIDCAP FINANCIAL INVESTMENT CORP,6211.0,190.0
03761U50,6.6,6.59,2017-04-18,MFIC,MIDCAP FINANCIAL INVESTMENT CORP,6211.0,190.0
03761U50,6.57,6.59,2017-04-19,MFIC,MIDCAP FINANCIAL INVESTMENT CORP,6211.0,190.0
03761U50,6.65,6.58,2017-04-20,MFIC,MIDCAP FINANCIAL INVESTMENT CORP,6211.0,190.0
03761U50,6.62,6.7,2017-04-21,MFIC,MIDCAP FINANCIAL INVESTMENT CORP,6211.0,190.0
03761U50,6.68,6.65,2017-04-24,MFIC,MIDCAP FINANCIAL INVESTMENT CORP,6211.0,190.0
03761U50,6.7,6.72,2017-04-25,MFIC,MIDCAP FINANCIAL INVESTMENT CORP,6211.0,190.0
03761U50,6.7,6.72,2017-04-26,MFIC,MIDCAP FINANCIAL INVESTMENT CORP,6211.0,190.0
03761U50,6.76,6.74,2017-04-27,MFIC,MIDCAP FINANCIAL INVESTMENT CORP,6211.0,190.0
03761U50,6.79,6.76,2017-04-28,MFIC,MIDCAP FINANCIAL INVESTMENT CORP,6211.0,190.0
03761U50,6.8,6.8,2017-05-01,MFIC,MIDCAP FINANCIAL INVESTMENT CORP,6211.0,190.0
03761U50,6.78,6.8,2017-05-02,MFIC,MIDCAP FINANCIAL INVESTMENT CORP,6211.0,190.0
03761U50,6.61,6.78,2017-05-03,MFIC,MIDCAP FINANCIAL INVESTMENT CORP,6211.0,190.0
03761U50,6.59,6.61,2017-05-04,MFIC,MIDCAP FINANCIAL INVESTMENT CORP,6211.0,190.0
03761U50,6.62,6.6,2017-05-05,MFIC,MIDCAP FINANCIAL INVESTMENT CORP,6211.0,190.0
03761U50,6.6,6.64,2017-05-08,MFIC,MIDCAP FINANCIAL INVESTMENT CORP,6211.0,190.0
03761U50,6.45,6.6,2017-05-09,MFIC,MIDCAP FINANCIAL INVESTMENT CORP,6211.0,190.0
03761U50,6.44,6.45,2017-05-10,MFIC,MIDCAP FINANCIAL INVESTMENT CORP,6211.0,190.0
03761U50,6.44,6.43,2017-05-11,MFIC,MIDCAP FINANCIAL INVESTMENT CORP,6211.0,190.0
03761U50,6.445,6.44,2017-05-12,MFIC,MIDCAP FINANCIAL INVESTMENT CORP,6211.0,190.0
03761U50,6.47,6.45,2017-05-15,MFIC,MIDCAP FINANCIAL INVESTMENT CORP,6211.0,190.0
03761U50,6.49,6.49,2017-05-16,MFIC,MIDCAP FINANCIAL INVESTMENT CORP,6211.0,190.0
03761U50,6.37,6.46,2017-05-17,MFIC,MIDCAP FINANCIAL INVESTMENT CORP,6211.0,190.0
03761U50,6.3,6.37,2017-05-18,MFIC,MIDCAP FINANCIAL INVESTMENT CORP,6211.0,190.0
03761U50,6.26,6.21,2017-05-19,MFIC,MIDCAP FINANCIAL INVESTMENT CORP,6211.0,190.0
03761U50,6.31,6.29,2017-05-22,MFIC,MIDCAP FINANCIAL INVESTMENT CORP,6211.0,190.0
03761U50,6.38,6.31,2017-05-23,MFIC,MIDCAP FINANCIAL INVESTMENT CORP,6211.0,190.0
03761U50,6.43,6.4,2017-05-24,MFIC,MIDCAP FINANCIAL INVESTMENT CORP,6211.0,190.0
03761U50,6.38,6.45,2017-05-25,MFIC,MIDCAP FINANCIAL INVESTMENT CORP,6211.0,190.0
03761U50,6.41,6.41,2017-05-26,MFIC,MIDCAP FINANCIAL INVESTMENT CORP,6211.0,190.0
03761U50,6.33,6.41,2017-05-30,MFIC,MIDCAP FINANCIAL INVESTMENT CORP,6211.0,190.0
03761U50,6.28,6.28,2017-05-31,MFIC,MIDCAP FINANCIAL INVESTMENT CORP,6211.0,190.0
03761U50,6.41,6.29,2017-06-01,MFIC,MIDCAP FINANCIAL INVESTMENT CORP,6211.0,190.0
03761U50,6.41,6.41,2017-06-02,MFIC,MIDCAP FINANCIAL INVESTMENT CORP,6211.0,190.0
03761U50,6.38,6.4,2017-06-05,MFIC,MIDCAP FINANCIAL INVESTMENT CORP,6211.0,190.0
03761U50,6.36,6.39,2017-06-06,MFIC,MIDCAP FINANCIAL INVESTMENT CORP,6211.0,190.0
03761U50,6.37,6.38,2017-06-07,MFIC,MIDCAP FINANCIAL INVESTMENT CORP,6211.0,190.0
03761U50,6.41,6.39,2017-06-08,MFIC,MIDCAP FINANCIAL INVESTMENT CORP,6211.0,190.0
03761U50,6.42,6.41,2017-06-09,MFIC,MIDCAP FINANCIAL INVESTMENT CORP,6211.0,190.0
03761U50,6.37,6.43,2017-06-12,MFIC,MIDCAP FINANCIAL INVESTMENT CORP,6211.0,190.0
03761U50,6.41,6.4,2017-06-13,MFIC,MIDCAP FINANCIAL INVESTMENT CORP,6211.0,190.0
03761U50,6.41,6.38,2017-06-14,MFIC,MIDCAP FINANCIAL INVESTMENT CORP,6211.0,190.0
03761U50,6.37,6.35,2017-06-15,MFIC,MIDCAP FINANCIAL INVESTMENT CORP,6211.0,190.0
03761U50,6.46,6.37,2017-06-16,MFIC,MIDCAP FINANCIAL INVESTMENT CORP,6211.0,190.0
03761U50,6.35,6.38,2017-06-19,MFIC,MIDCAP FINANCIAL INVESTMENT CORP,6211.0,190.0
03761U50,6.34,6.32,2017-06-20,MFIC,MIDCAP FINANCIAL INVESTMENT CORP,6211.0,190.0
03761U50,6.35,6.35,2017-06-21,MFIC,MIDCAP FINANCIAL INVESTMENT CORP,6211.0,190.0
03761U50,6.27,6.34,2017-06-22,MFIC,MIDCAP FINANCIAL INVESTMENT CORP,6211.0,190.0
03761U50,6.33,6.26,2017-06-23,MFIC,MIDCAP FINANCIAL INVESTMENT CORP,6211.0,190.0
03761U50,6.39,6.34,2017-06-26,MFIC,MIDCAP FINANCIAL INVESTMENT CORP,6211.0,190.0
03761U50,6.33,6.39,2017-06-27,MFIC,MIDCAP FINANCIAL INVESTMENT CORP,6211.0,190.0
03761U50,6.33,6.35,2017-06-28,MFIC,MIDCAP FINANCIAL INVESTMENT CORP,6211.0,190.0
03761U50,6.34,6.33,2017-06-29,MFIC,MIDCAP FINANCIAL INVESTMENT CORP,6211.0,190.0
03761U50,6.39,6.36,2017-06-30,MFIC,MIDCAP FINANCIAL INVESTMENT CORP,6211.0,190.0
03761U50,6.43,6.41,2017-07-03,MFIC,MIDCAP FINANCIAL INVESTMENT CORP,6211.0,190.0
03761U50,6.42,6.41,2017-07-05,MFIC,MIDCAP FINANCIAL INVESTMENT CORP,6211.0,190.0
03761U50,6.44,6.41,2017-07-06,MFIC,MIDCAP FINANCIAL INVESTMENT CORP,6211.0,190.0
03761U50,6.37,6.42,2017-07-07,MFIC,MIDCAP FINANCIAL INVESTMENT CORP,6211.0,190.0
03761U50,6.44,6.35,2017-07-10,MFIC,MIDCAP FINANCIAL INVESTMENT CORP,6211.0,190.0
03761U50,6.43,6.44,2017-07-11,MFIC,MIDCAP FINANCIAL INVESTMENT CORP,6211.0,190.0
03761U50,6.42,6.44,2017-07-12,MFIC,MIDCAP FINANCIAL INVESTMENT CORP,6211.0,190.0
03761U50,6.38,6.42,2017-07-13,MFIC,MIDCAP FINANCIAL INVESTMENT CORP,6211.0,190.0
03761U50,6.34,6.38,2017-07-14,MFIC,MIDCAP FINANCIAL INVESTMENT CORP,6211.0,190.0
03761U50,6.37,6.34,2017-07-17,MFIC,MIDCAP FINANCIAL INVESTMENT CORP,6211.0,190.0
03761U50,6.37,6.36,2017-07-18,MFIC,MIDCAP FINANCIAL INVESTMENT CORP,6211.0,190.0
03761U50,6.37,6.37,2017-07-19,MFIC,MIDCAP FINANCIAL INVESTMENT CORP,6211.0,190.0
03761U50,6.35,6.37,2017-07-20,MFIC,MIDCAP FINANCIAL INVESTMENT CORP,6211.0,190.0
03761U50,6.35,6.36,2017-07-21,MFIC,MIDCAP FINANCIAL INVESTMENT CORP,6211.0,190.0
03761U50,6.37,6.37,2017-07-24,MFIC,MIDCAP FINANCIAL INVESTMENT CORP,6211.0,190.0
03761U50,6.38,6.39,2017-07-25,MFIC,MIDCAP FINANCIAL INVESTMENT CORP,6211.0,190.0
03761U50,6.38,6.37,2017-07-26,MFIC,MIDCAP FINANCIAL INVESTMENT CORP,6211.0,190.0
03761U50,6.36,6.39,2017-07-27,MFIC,MIDCAP FINANCIAL INVESTMENT CORP,6211.0,190.0
03761U50,6.39,6.36,2017-07-28,MFIC,MIDCAP FINANCIAL INVESTMENT CORP,6211.0,190.0
03761U50,6.39,6.39,2017-07-31,MFIC,MIDCAP FINANCIAL INVESTMENT CORP,6211.0,190.0
03761U50,6.4,6.39,2017-08-01,MFIC,MIDCAP FINANCIAL INVESTMENT CORP,6211.0,190.0
03761U50,6.38,6.41,2017-08-02,MFIC,MIDCAP FINANCIAL INVESTMENT CORP,6211.0,190.0
03761U50,6.35,6.37,2017-08-03,MFIC,MIDCAP FINANCIAL INVESTMENT CORP,6211.0,190.0
03761U50,6.36,6.41,2017-08-04,MFIC,MIDCAP FINANCIAL INVESTMENT CORP,6211.0,190.0
03761U50,6.42,6.36,2017-08-07,MFIC,MIDCAP FINANCIAL INVESTMENT CORP,6211.0,190.0
03761U50,6.37,6.39,2017-08-08,MFIC,MIDCAP FINANCIAL INVESTMENT CORP,6211.0,190.0
03761U50,6.34,6.34,2017-08-09,MFIC,MIDCAP FINANCIAL INVESTMENT CORP,6211.0,190.0
03761U50,6.27,6.32,2017-08-10,MFIC,MIDCAP FINANCIAL INVESTMENT CORP,6211.0,190.0
03761U50,6.29,6.25,2017-08-11,MFIC,MIDCAP FINANCIAL INVESTMENT CORP,6211.0,190.0
03761U50,6.32,6.31,2017-08-14,MFIC,MIDCAP FINANCIAL INVESTMENT CORP,6211.0,190.0
03761U50,6.33,6.29,2017-08-15,MFIC,MIDCAP FINANCIAL INVESTMENT CORP,6211.0,190.0
03761U50,6.29,6.32,2017-08-16,MFIC,MIDCAP FINANCIAL INVESTMENT CORP,6211.0,190.0
03761U50,6.19,6.28,2017-08-17,MFIC,MIDCAP FINANCIAL INVESTMENT CORP,6211.0,190.0
03761U50,6.1,6.17,2017-08-18,MFIC,MIDCAP FINANCIAL INVESTMENT CORP,6211.0,190.0
03761U50,6.15,6.09,2017-08-21,MFIC,MIDCAP FINANCIAL INVESTMENT CORP,6211.0,190.0
03761U50,6.16,6.15,2017-08-22,MFIC,MIDCAP FINANCIAL INVESTMENT CORP,6211.0,190.0
03761U50,6.16,6.14,2017-08-23,MFIC,MIDCAP FINANCIAL INVESTMENT CORP,6211.0,190.0
03761U50,6.09,6.16,2017-08-24,MFIC,MIDCAP FINANCIAL INVESTMENT CORP,6211.0,190.0
03761U50,6.09,6.13,2017-08-25,MFIC,MIDCAP FINANCIAL INVESTMENT CORP,6211.0,190.0
03761U50,6.06,6.07,2017-08-28,MFIC,MIDCAP FINANCIAL INVESTMENT CORP,6211.0,190.0
03761U50,6.06,6.02,2017-08-29,MFIC,MIDCAP FINANCIAL INVESTMENT CORP,6211.0,190.0
03761U50,6.03,6.06,2017-08-30,MFIC,MIDCAP FINANCIAL INVESTMENT CORP,6211.0,190.0
03761U50,5.9,6.05,2017-08-31,MFIC,MIDCAP FINANCIAL INVESTMENT CORP,6211.0,190.0
03761U50,6.04,5.91,2017-09-01,MFIC,MIDCAP FINANCIAL INVESTMENT CORP,6211.0,190.0
03761U50,6.01,6.04,2017-09-05,MFIC,MIDCAP FINANCIAL INVESTMENT CORP,6211.0,190.0
03761U50,5.96,5.98,2017-09-06,MFIC,MIDCAP FINANCIAL INVESTMENT CORP,6211.0,190.0
03761U50,5.98,5.95,2017-09-07,MFIC,MIDCAP FINANCIAL INVESTMENT CORP,6211.0,190.0
03761U50,5.94,5.97,2017-09-08,MFIC,MIDCAP FINANCIAL INVESTMENT CORP,6211.0,190.0
03761U50,6.0,5.95,2017-09-11,MFIC,MIDCAP FINANCIAL INVESTMENT CORP,6211.0,190.0
03761U50,6.0,6.01,2017-09-12,MFIC,MIDCAP FINANCIAL INVESTMENT CORP,6211.0,190.0
03761U50,6.01,6.0,2017-09-13,MFIC,MIDCAP FINANCIAL INVESTMENT CORP,6211.0,190.0
03761U50,6.01,6.0,2017-09-14,MFIC,MIDCAP FINANCIAL INVESTMENT CORP,6211.0,190.0
03761U50,6.04,6.01,2017-09-15,MFIC,MIDCAP FINANCIAL INVESTMENT CORP,6211.0,190.0
03761U50,6.01,6.02,2017-09-18,MFIC,MIDCAP FINANCIAL INVESTMENT CORP,6211.0,190.0
03761U50,6.05,6.05,2017-09-19,MFIC,MIDCAP FINANCIAL INVESTMENT CORP,6211.0,190.0
03761U50,5.97,5.94,2017-09-20,MFIC,MIDCAP FINANCIAL INVESTMENT CORP,6211.0,190.0
03761U50,5.95,5.96,2017-09-21,MFIC,MIDCAP FINANCIAL INVESTMENT CORP,6211.0,190.0
03761U50,5.89,5.91,2017-09-22,MFIC,MIDCAP FINANCIAL INVESTMENT CORP,6211.0,190.0
03761U50,5.91,5.87,2017-09-25,MFIC,MIDCAP FINANCIAL INVESTMENT CORP,6211.0,190.0
03761U50,5.92,5.93,2017-09-26,MFIC,MIDCAP FINANCIAL INVESTMENT CORP,6211.0,190.0
03761U50,5.94,5.92,2017-09-27,MFIC,MIDCAP FINANCIAL INVESTMENT CORP,6211.0,190.0
03761U50,6.01,5.93,2017-09-28,MFIC,MIDCAP FINANCIAL INVESTMENT CORP,6211.0,190.0
03761U50,6.11,6.01,2017-09-29,MFIC,MIDCAP FINANCIAL INVESTMENT CORP,6211.0,190.0
03761U50,6.14,6.09,2017-10-02,MFIC,MIDCAP FINANCIAL INVESTMENT CORP,6211.0,190.0
03761U50,6.12,6.13,2017-10-03,MFIC,MIDCAP FINANCIAL INVESTMENT CORP,6211.0,190.0
03761U50,6.14,6.13,2017-10-04,MFIC,MIDCAP FINANCIAL INVESTMENT CORP,6211.0,190.0
03761U50,6.18,6.17,2017-10-05,MFIC,MIDCAP FINANCIAL INVESTMENT CORP,6211.0,190.0
03761U50,6.05,6.16,2017-10-06,MFIC,MIDCAP FINANCIAL INVESTMENT CORP,6211.0,190.0
03761U50,6.05,6.05,2017-10-09,MFIC,MIDCAP FINANCIAL INVESTMENT CORP,6211.0,190.0
03761U50,6.08,6.08,2017-10-10,MFIC,MIDCAP FINANCIAL INVESTMENT CORP,6211.0,190.0
03761U50,6.05,6.05,2017-10-11,MFIC,MIDCAP FINANCIAL INVESTMENT CORP,6211.0,190.0
03761U50,6.01,6.04,2017-10-12,MFIC,MIDCAP FINANCIAL INVESTMENT CORP,6211.0,190.0
03761U50,6.03,6.01,2017-10-13,MFIC,MIDCAP FINANCIAL INVESTMENT CORP,6211.0,190.0
03761U50,6.02,6.01,2017-10-16,MFIC,MIDCAP FINANCIAL INVESTMENT CORP,6211.0,190.0
03761U50,6.02,6.03,2017-10-17,MFIC,MIDCAP FINANCIAL INVESTMENT CORP,6211.0,190.0
03761U50,6.02,6.01,2017-10-18,MFIC,MIDCAP FINANCIAL INVESTMENT CORP,6211.0,190.0
03761U50,6.03,5.98,2017-10-19,MFIC,MIDCAP FINANCIAL INVESTMENT CORP,6211.0,190.0
03761U50,6.01,6.04,2017-10-20,MFIC,MIDCAP FINANCIAL INVESTMENT CORP,6211.0,190.0
03761U50,6.11,6.01,2017-10-23,MFIC,MIDCAP FINANCIAL INVESTMENT CORP,6211.0,190.0
03761U50,6.02,6.11,2017-10-24,MFIC,MIDCAP FINANCIAL INVESTMENT CORP,6211.0,190.0
03761U50,5.96,6.01,2017-10-25,MFIC,MIDCAP FINANCIAL INVESTMENT CORP,6211.0,190.0
03761U50,5.93,5.96,2017-10-26,MFIC,MIDCAP FINANCIAL INVESTMENT CORP,6211.0,190.0
03761U50,5.96,5.94,2017-10-27,MFIC,MIDCAP FINANCIAL INVESTMENT CORP,6211.0,190.0
03761U50,5.93,5.95,2017-10-30,MFIC,MIDCAP FINANCIAL INVESTMENT CORP,6211.0,190.0
03761U50,5.92,5.96,2017-10-31,MFIC,MIDCAP FINANCIAL INVESTMENT CORP,6211.0,190.0
03761U50,5.91,5.92,2017-11-01,MFIC,MIDCAP FINANCIAL INVESTMENT CORP,6211.0,190.0
03761U50,5.87,5.9,2017-11-02,MFIC,MIDCAP FINANCIAL INVESTMENT CORP,6211.0,190.0
03761U50,6.09,5.9,2017-11-03,MFIC,MIDCAP FINANCIAL INVESTMENT CORP,6211.0,190.0
03761U50,6.06,6.1,2017-11-06,MFIC,MIDCAP FINANCIAL INVESTMENT CORP,6211.0,190.0
03761U50,6.14,6.13,2017-11-07,MFIC,MIDCAP FINANCIAL INVESTMENT CORP,6211.0,190.0
03761U50,6.17,6.13,2017-11-08,MFIC,MIDCAP FINANCIAL INVESTMENT CORP,6211.0,190.0
03761U50,6.11,6.13,2017-11-09,MFIC,MIDCAP FINANCIAL INVESTMENT CORP,6211.0,190.0
03761U50,6.06,6.11,2017-11-10,MFIC,MIDCAP FINANCIAL INVESTMENT CORP,6211.0,190.0
03761U50,6.08,6.06,2017-11-13,MFIC,MIDCAP FINANCIAL INVESTMENT CORP,6211.0,190.0
03761U50,6.07,6.07,2017-11-14,MFIC,MIDCAP FINANCIAL INVESTMENT CORP,6211.0,190.0
03761U50,6.03,6.05,2017-11-15,MFIC,MIDCAP FINANCIAL INVESTMENT CORP,6211.0,190.0
03761U50,6.1,6.05,2017-11-16,MFIC,MIDCAP FINANCIAL INVESTMENT CORP,6211.0,190.0
03761U50,6.07,6.08,2017-11-17,MFIC,MIDCAP FINANCIAL INVESTMENT CORP,6211.0,190.0
03761U50,6.04,6.06,2017-11-20,MFIC,MIDCAP FINANCIAL INVESTMENT CORP,6211.0,190.0
03761U50,6.05,6.06,2017-11-21,MFIC,MIDCAP FINANCIAL INVESTMENT CORP,6211.0,190.0
03761U50,6.07,6.04,2017-11-22,MFIC,MIDCAP FINANCIAL INVESTMENT CORP,6211.0,190.0
03761U50,6.07,6.1,2017-11-24,MFIC,MIDCAP FINANCIAL INVESTMENT CORP,6211.0,190.0
03761U50,6.06,6.08,2017-11-27,MFIC,MIDCAP FINANCIAL INVESTMENT CORP,6211.0,190.0
03761U50,6.05,6.05,2017-11-28,MFIC,MIDCAP FINANCIAL INVESTMENT CORP,6211.0,190.0
03761U50,6.04,6.05,2017-11-29,MFIC,MIDCAP FINANCIAL INVESTMENT CORP,6211.0,190.0
03761U50,6.01,6.05,2017-11-30,MFIC,MIDCAP FINANCIAL INVESTMENT CORP,6211.0,190.0
03761U50,5.91,6.01,2017-12-01,MFIC,MIDCAP FINANCIAL INVESTMENT CORP,6211.0,190.0
03761U50,5.95,5.95,2017-12-04,MFIC,MIDCAP FINANCIAL INVESTMENT CORP,6211.0,190.0
03761U50,5.95,5.98,2017-12-05,MFIC,MIDCAP FINANCIAL INVESTMENT CORP,6211.0,190.0
03761U50,5.86,5.93,2017-12-06,MFIC,MIDCAP FINANCIAL INVESTMENT CORP,6211.0,190.0
03761U50,5.87,5.88,2017-12-07,MFIC,MIDCAP FINANCIAL INVESTMENT CORP,6211.0,190.0
03761U50,5.87,5.89,2017-12-08,MFIC,MIDCAP FINANCIAL INVESTMENT CORP,6211.0,190.0
03761U50,5.94,5.88,2017-12-11,MFIC,MIDCAP FINANCIAL INVESTMENT CORP,6211.0,190.0
03761U50,5.91,5.95,2017-12-12,MFIC,MIDCAP FINANCIAL INVESTMENT CORP,6211.0,190.0
03761U50,5.9,5.93,2017-12-13,MFIC,MIDCAP FINANCIAL INVESTMENT CORP,6211.0,190.0
03761U50,5.92,5.91,2017-12-14,MFIC,MIDCAP FINANCIAL INVESTMENT CORP,6211.0,190.0
03761U50,5.85,5.92,2017-12-15,MFIC,MIDCAP FINANCIAL INVESTMENT CORP,6211.0,190.0
03761U50,5.93,5.88,2017-12-18,MFIC,MIDCAP FINANCIAL INVESTMENT CORP,6211.0,190.0
03761U50,5.91,5.95,2017-12-19,MFIC,MIDCAP FINANCIAL INVESTMENT CORP,6211.0,190.0
03761U50,5.78,5.76,2017-12-20,MFIC,MIDCAP FINANCIAL INVESTMENT CORP,6211.0,190.0
03761U50,5.78,5.79,2017-12-21,MFIC,MIDCAP FINANCIAL INVESTMENT CORP,6211.0,190.0
03761U50,5.72,5.76,2017-12-22,MFIC,MIDCAP FINANCIAL INVESTMENT CORP,6211.0,190.0
03761U50,5.66,5.7,2017-12-26,MFIC,MIDCAP FINANCIAL INVESTMENT CORP,6211.0,190.0
03761U50,5.65,5.67,2017-12-27,MFIC,MIDCAP FINANCIAL INVESTMENT CORP,6211.0,190.0
03761U50,5.7,5.64,2017-12-28,MFIC,MIDCAP FINANCIAL INVESTMENT CORP,6211.0,190.0
03761U50,5.66,5.7,2017-12-29,MFIC,MIDCAP FINANCIAL INVESTMENT CORP,6211.0,190.0
03761U50,5.74,5.74,2018-01-02,MFIC,MIDCAP FINANCIAL INVESTMENT CORP,6211.0,190.0
03761U50,5.7,5.74,2018-01-03,MFIC,MIDCAP FINANCIAL INVESTMENT CORP,6211.0,190.0
03761U50,5.72,5.73,2018-01-04,MFIC,MIDCAP FINANCIAL INVESTMENT CORP,6211.0,190.0
03761U50,5.74,5.75,2018-01-05,MFIC,MIDCAP FINANCIAL INVESTMENT CORP,6211.0,190.0
03761U50,5.75,5.73,2018-01-08,MFIC,MIDCAP FINANCIAL INVESTMENT CORP,6211.0,190.0
03761U50,5.72,5.75,2018-01-09,MFIC,MIDCAP FINANCIAL INVESTMENT CORP,6211.0,190.0
03761U50,5.67,5.7,2018-01-10,MFIC,MIDCAP FINANCIAL INVESTMENT CORP,6211.0,190.0
03761U50,5.77,5.69,2018-01-11,MFIC,MIDCAP FINANCIAL INVESTMENT CORP,6211.0,190.0
03761U50,5.8,5.77,2018-01-12,MFIC,MIDCAP FINANCIAL INVESTMENT CORP,6211.0,190.0
03761U50,5.75,5.84,2018-01-16,MFIC,MIDCAP FINANCIAL INVESTMENT CORP,6211.0,190.0
03761U50,5.77,5.75,2018-01-17,MFIC,MIDCAP FINANCIAL INVESTMENT CORP,6211.0,190.0
03761U50,5.74,5.77,2018-01-18,MFIC,MIDCAP FINANCIAL INVESTMENT CORP,6211.0,190.0
03761U50,5.78,5.74,2018-01-19,MFIC,MIDCAP FINANCIAL INVESTMENT CORP,6211.0,190.0
03761U50,5.78,5.78,2018-01-22,MFIC,MIDCAP FINANCIAL INVESTMENT CORP,6211.0,190.0
03761U50,5.8,5.8,2018-01-23,MFIC,MIDCAP FINANCIAL INVESTMENT CORP,6211.0,190.0
03761U50,5.81,5.8,2018-01-24,MFIC,MIDCAP FINANCIAL INVESTMENT CORP,6211.0,190.0
03761U50,5.8,5.82,2018-01-25,MFIC,MIDCAP FINANCIAL INVESTMENT CORP,6211.0,190.0
03761U50,5.8,5.81,2018-01-26,MFIC,MIDCAP FINANCIAL INVESTMENT CORP,6211.0,190.0
03761U50,5.77,5.8,2018-01-29,MFIC,MIDCAP FINANCIAL INVESTMENT CORP,6211.0,190.0
03761U50,5.71,5.71,2018-01-30,MFIC,MIDCAP FINANCIAL INVESTMENT CORP,6211.0,190.0
03761U50,5.75,5.72,2018-01-31,MFIC,MIDCAP FINANCIAL INVESTMENT CORP,6211.0,190.0
03761U50,5.82,5.75,2018-02-01,MFIC,MIDCAP FINANCIAL INVESTMENT CORP,6211.0,190.0
03761U50,5.68,5.77,2018-02-02,MFIC,MIDCAP FINANCIAL INVESTMENT CORP,6211.0,190.0
03761U50,5.41,5.65,2018-02-05,MFIC,MIDCAP FINANCIAL INVESTMENT CORP,6211.0,190.0
03761U50,5.44,5.35,2018-02-06,MFIC,MIDCAP FINANCIAL INVESTMENT CORP,6211.0,190.0
03761U50,5.42,5.55,2018-02-07,MFIC,MIDCAP FINANCIAL INVESTMENT CORP,6211.0,190.0
03761U50,5.48,5.63,2018-02-08,MFIC,MIDCAP FINANCIAL INVESTMENT CORP,6211.0,190.0
03761U50,5.3,5.52,2018-02-09,MFIC,MIDCAP FINANCIAL INVESTMENT CORP,6211.0,190.0
03761U50,5.39,5.36,2018-02-12,MFIC,MIDCAP FINANCIAL INVESTMENT CORP,6211.0,190.0
03761U50,5.48,5.39,2018-02-13,MFIC,MIDCAP FINANCIAL INVESTMENT CORP,6211.0,190.0
03761U50,5.46,5.49,2018-02-14,MFIC,MIDCAP FINANCIAL INVESTMENT CORP,6211.0,190.0
03761U50,5.41,5.47,2018-02-15,MFIC,MIDCAP FINANCIAL INVESTMENT CORP,6211.0,190.0
03761U50,5.5,5.41,2018-02-16,MFIC,MIDCAP FINANCIAL INVESTMENT CORP,6211.0,190.0
03761U50,5.41,5.44,2018-02-20,MFIC,MIDCAP FINANCIAL INVESTMENT CORP,6211.0,190.0
03761U50,5.38,5.41,2018-02-21,MFIC,MIDCAP FINANCIAL INVESTMENT CORP,6211.0,190.0
03761U50,5.38,5.38,2018-02-22,MFIC,MIDCAP FINANCIAL INVESTMENT CORP,6211.0,190.0
03761U50,5.38,5.4,2018-02-23,MFIC,MIDCAP FINANCIAL INVESTMENT CORP,6211.0,190.0
03761U50,5.38,5.36,2018-02-26,MFIC,MIDCAP FINANCIAL INVESTMENT CORP,6211.0,190.0
03761U50,5.32,5.38,2018-02-27,MFIC,MIDCAP FINANCIAL INVESTMENT CORP,6211.0,190.0
03761U50,5.24,5.34,2018-02-28,MFIC,MIDCAP FINANCIAL INVESTMENT CORP,6211.0,190.0
03761U50,5.31,5.25,2018-03-01,MFIC,MIDCAP FINANCIAL INVESTMENT CORP,6211.0,190.0
03761U50,5.34,5.3,2018-03-02,MFIC,MIDCAP FINANCIAL INVESTMENT CORP,6211.0,190.0
03761U50,5.4,5.33,2018-03-05,MFIC,MIDCAP FINANCIAL INVESTMENT CORP,6211.0,190.0
03761U50,5.41,5.39,2018-03-06,MFIC,MIDCAP FINANCIAL INVESTMENT CORP,6211.0,190.0
03761U50,5.35,5.39,2018-03-07,MFIC,MIDCAP FINANCIAL INVESTMENT CORP,6211.0,190.0
03761U50,5.36,5.39,2018-03-08,MFIC,MIDCAP FINANCIAL INVESTMENT CORP,6211.0,190.0
03761U50,5.39,5.38,2018-03-09,MFIC,MIDCAP FINANCIAL INVESTMENT CORP,6211.0,190.0
03761U50,5.49,5.42,2018-03-12,MFIC,MIDCAP FINANCIAL INVESTMENT CORP,6211.0,190.0
03761U50,5.5,5.5,2018-03-13,MFIC,MIDCAP FINANCIAL INVESTMENT CORP,6211.0,190.0
03761U50,5.55,5.53,2018-03-14,MFIC,MIDCAP FINANCIAL INVESTMENT CORP,6211.0,190.0
03761U50,5.42,5.56,2018-03-15,MFIC,MIDCAP FINANCIAL INVESTMENT CORP,6211.0,190.0
03761U50,5.48,5.45,2018-03-16,MFIC,MIDCAP FINANCIAL INVESTMENT CORP,6211.0,190.0
03761U50,5.48,5.49,2018-03-19,MFIC,MIDCAP FINANCIAL INVESTMENT CORP,6211.0,190.0
03761U50,5.43,5.49,2018-03-20,MFIC,MIDCAP FINANCIAL INVESTMENT CORP,6211.0,190.0
03761U50,5.44,5.43,2018-03-21,MFIC,MIDCAP FINANCIAL INVESTMENT CORP,6211.0,190.0
03761U50,5.61,5.45,2018-03-22,MFIC,MIDCAP FINANCIAL INVESTMENT CORP,6211.0,190.0
03761U50,5.49,5.63,2018-03-23,MFIC,MIDCAP FINANCIAL INVESTMENT CORP,6211.0,190.0
03761U50,5.37,5.4,2018-03-26,MFIC,MIDCAP FINANCIAL INVESTMENT CORP,6211.0,190.0
03761U50,5.285,5.37,2018-03-27,MFIC,MIDCAP FINANCIAL INVESTMENT CORP,6211.0,190.0
03761U50,5.2,5.28,2018-03-28,MFIC,MIDCAP FINANCIAL INVESTMENT CORP,6211.0,190.0
03761U50,5.22,5.23,2018-03-29,MFIC,MIDCAP FINANCIAL INVESTMENT CORP,6211.0,190.0
03761U50,5.29,5.24,2018-04-02,MFIC,MIDCAP FINANCIAL INVESTMENT CORP,6211.0,190.0
03761U50,5.28,5.29,2018-04-03,MFIC,MIDCAP FINANCIAL INVESTMENT CORP,6211.0,190.0
03761U50,5.3,5.26,2018-04-04,MFIC,MIDCAP FINANCIAL INVESTMENT CORP,6211.0,190.0
03761U50,5.42,5.36,2018-04-05,MFIC,MIDCAP FINANCIAL INVESTMENT CORP,6211.0,190.0
03761U50,5.36,5.39,2018-04-06,MFIC,MIDCAP FINANCIAL INVESTMENT CORP,6211.0,190.0
03761U50,5.41,5.37,2018-04-09,MFIC,MIDCAP FINANCIAL INVESTMENT CORP,6211.0,190.0
03761U50,5.44,5.44,2018-04-10,MFIC,MIDCAP FINANCIAL INVESTMENT CORP,6211.0,190.0
03761U50,5.41,5.42,2018-04-11,MFIC,MIDCAP FINANCIAL INVESTMENT CORP,6211.0,190.0
03761U50,5.42,5.45,2018-04-12,MFIC,MIDCAP FINANCIAL INVESTMENT CORP,6211.0,190.0
03761U50,5.41,5.42,2018-04-13,MFIC,MIDCAP FINANCIAL INVESTMENT CORP,6211.0,190.0
03761U50,5.47,5.44,2018-04-16,MFIC,MIDCAP FINANCIAL INVESTMENT CORP,6211.0,190.0
03761U50,5.465,5.45,2018-04-17,MFIC,MIDCAP FINANCIAL INVESTMENT CORP,6211.0,190.0
03761U50,5.49,5.48,2018-04-18,MFIC,MIDCAP FINANCIAL INVESTMENT CORP,6211.0,190.0
03761U50,5.445,5.48,2018-04-19,MFIC,MIDCAP FINANCIAL INVESTMENT CORP,6211.0,190.0
03761U50,5.42,5.46,2018-04-20,MFIC,MIDCAP FINANCIAL INVESTMENT CORP,6211.0,190.0
03761U50,5.39,5.44,2018-04-23,MFIC,MIDCAP FINANCIAL INVESTMENT CORP,6211.0,190.0
03761U50,5.34,5.39,2018-04-24,MFIC,MIDCAP FINANCIAL INVESTMENT CORP,6211.0,190.0
03761U50,5.34,5.34,2018-04-25,MFIC,MIDCAP FINANCIAL INVESTMENT CORP,6211.0,190.0
03761U50,5.34,5.33,2018-04-26,MFIC,MIDCAP FINANCIAL INVESTMENT CORP,6211.0,190.0
03761U50,5.37,5.34,2018-04-27,MFIC,MIDCAP FINANCIAL INVESTMENT CORP,6211.0,190.0
03761U50,5.37,5.39,2018-04-30,MFIC,MIDCAP FINANCIAL INVESTMENT CORP,6211.0,190.0
03761U50,5.36,5.36,2018-05-01,MFIC,MIDCAP FINANCIAL INVESTMENT CORP,6211.0,190.0
03761U50,5.34,5.37,2018-05-02,MFIC,MIDCAP FINANCIAL INVESTMENT CORP,6211.0,190.0
03761U50,5.34,5.33,2018-05-03,MFIC,MIDCAP FINANCIAL INVESTMENT CORP,6211.0,190.0
03761U50,5.39,5.34,2018-05-04,MFIC,MIDCAP FINANCIAL INVESTMENT CORP,6211.0,190.0
03761U50,5.4,5.4,2018-05-07,MFIC,MIDCAP FINANCIAL INVESTMENT CORP,6211.0,190.0
03761U50,5.42,5.4,2018-05-08,MFIC,MIDCAP FINANCIAL INVESTMENT CORP,6211.0,190.0
03761U50,5.43,5.43,2018-05-09,MFIC,MIDCAP FINANCIAL INVESTMENT CORP,6211.0,190.0
03761U50,5.48,5.44,2018-05-10,MFIC,MIDCAP FINANCIAL INVESTMENT CORP,6211.0,190.0
03761U50,5.48,5.47,2018-05-11,MFIC,MIDCAP FINANCIAL INVESTMENT CORP,6211.0,190.0
03761U50,5.59,5.48,2018-05-14,MFIC,MIDCAP FINANCIAL INVESTMENT CORP,6211.0,190.0
03761U50,5.58,5.6,2018-05-15,MFIC,MIDCAP FINANCIAL INVESTMENT CORP,6211.0,190.0
03761U50,5.59,5.57,2018-05-16,MFIC,MIDCAP FINANCIAL INVESTMENT CORP,6211.0,190.0
03761U50,5.64,5.59,2018-05-17,MFIC,MIDCAP FINANCIAL INVESTMENT CORP,6211.0,190.0
03761U50,5.65,5.64,2018-05-18,MFIC,MIDCAP FINANCIAL INVESTMENT CORP,6211.0,190.0
03761U50,5.55,5.6,2018-05-21,MFIC,MIDCAP FINANCIAL INVESTMENT CORP,6211.0,190.0
03761U50,5.68,5.53,2018-05-22,MFIC,MIDCAP FINANCIAL INVESTMENT CORP,6211.0,190.0
03761U50,5.73,5.66,2018-05-23,MFIC,MIDCAP FINANCIAL INVESTMENT CORP,6211.0,190.0
03761U50,5.71,5.72,2018-05-24,MFIC,MIDCAP FINANCIAL INVESTMENT CORP,6211.0,190.0
03761U50,5.73,5.69,2018-05-25,MFIC,MIDCAP FINANCIAL INVESTMENT CORP,6211.0,190.0
03761U50,5.76,5.72,2018-05-29,MFIC,MIDCAP FINANCIAL INVESTMENT CORP,6211.0,190.0
03761U50,5.74,5.77,2018-05-30,MFIC,MIDCAP FINANCIAL INVESTMENT CORP,6211.0,190.0
03761U50,5.69,5.74,2018-05-31,MFIC,MIDCAP FINANCIAL INVESTMENT CORP,6211.0,190.0
03761U50,5.74,5.7,2018-06-01,MFIC,MIDCAP FINANCIAL INVESTMENT CORP,6211.0,190.0
03761U50,5.77,5.75,2018-06-04,MFIC,MIDCAP FINANCIAL INVESTMENT CORP,6211.0,190.0
03761U50,5.74,5.75,2018-06-05,MFIC,MIDCAP FINANCIAL INVESTMENT CORP,6211.0,190.0
03761U50,5.765,5.73,2018-06-06,MFIC,MIDCAP FINANCIAL INVESTMENT CORP,6211.0,190.0
03761U50,5.79,5.75,2018-06-07,MFIC,MIDCAP FINANCIAL INVESTMENT CORP,6211.0,190.0
03761U50,5.8,5.77,2018-06-08,MFIC,MIDCAP FINANCIAL INVESTMENT CORP,6211.0,190.0
03761U50,5.74,5.79,2018-06-11,MFIC,MIDCAP FINANCIAL INVESTMENT CORP,6211.0,190.0
03761U50,5.75,5.74,2018-06-12,MFIC,MIDCAP FINANCIAL INVESTMENT CORP,6211.0,190.0
03761U50,5.71,5.75,2018-06-13,MFIC,MIDCAP FINANCIAL INVESTMENT CORP,6211.0,190.0
03761U50,5.74,5.72,2018-06-14,MFIC,MIDCAP FINANCIAL INVESTMENT CORP,6211.0,190.0
03761U50,5.72,5.72,2018-06-15,MFIC,MIDCAP FINANCIAL INVESTMENT CORP,6211.0,190.0
03761U50,5.75,5.74,2018-06-18,MFIC,MIDCAP FINANCIAL INVESTMENT CORP,6211.0,190.0
03761U50,5.73,5.77,2018-06-19,MFIC,MIDCAP FINANCIAL INVESTMENT CORP,6211.0,190.0
03761U50,5.61,5.6,2018-06-20,MFIC,MIDCAP FINANCIAL INVESTMENT CORP,6211.0,190.0
03761U50,5.55,5.62,2018-06-21,MFIC,MIDCAP FINANCIAL INVESTMENT CORP,6211.0,190.0
03761U50,5.56,5.58,2018-06-22,MFIC,MIDCAP FINANCIAL INVESTMENT CORP,6211.0,190.0
03761U50,5.52,5.55,2018-06-25,MFIC,MIDCAP FINANCIAL INVESTMENT CORP,6211.0,190.0
03761U50,5.53,5.53,2018-06-26,MFIC,MIDCAP FINANCIAL INVESTMENT CORP,6211.0,190.0
03761U50,5.52,5.53,2018-06-27,MFIC,MIDCAP FINANCIAL INVESTMENT CORP,6211.0,190.0
03761U50,5.51,5.53,2018-06-28,MFIC,MIDCAP FINANCIAL INVESTMENT CORP,6211.0,190.0
03761U50,5.57,5.54,2018-06-29,MFIC,MIDCAP FINANCIAL INVESTMENT CORP,6211.0,190.0
03761U50,5.57,5.58,2018-07-02,MFIC,MIDCAP FINANCIAL INVESTMENT CORP,6211.0,190.0
03761U50,5.66,5.59,2018-07-03,MFIC,MIDCAP FINANCIAL INVESTMENT CORP,6211.0,190.0
03761U50,5.65,5.67,2018-07-05,MFIC,MIDCAP FINANCIAL INVESTMENT CORP,6211.0,190.0
03761U50,5.64,5.62,2018-07-06,MFIC,MIDCAP FINANCIAL INVESTMENT CORP,6211.0,190.0
03761U50,5.71,5.67,2018-07-09,MFIC,MIDCAP FINANCIAL INVESTMENT CORP,6211.0,190.0
03761U50,5.67,5.7,2018-07-10,MFIC,MIDCAP FINANCIAL INVESTMENT CORP,6211.0,190.0
03761U50,5.69,5.66,2018-07-11,MFIC,MIDCAP FINANCIAL INVESTMENT CORP,6211.0,190.0
03761U50,5.68,5.7,2018-07-12,MFIC,MIDCAP FINANCIAL INVESTMENT CORP,6211.0,190.0
03761U50,5.68,5.67,2018-07-13,MFIC,MIDCAP FINANCIAL INVESTMENT CORP,6211.0,190.0
03761U50,5.72,5.68,2018-07-16,MFIC,MIDCAP FINANCIAL INVESTMENT CORP,6211.0,190.0
03761U50,5.8,5.72,2018-07-17,MFIC,MIDCAP FINANCIAL INVESTMENT CORP,6211.0,190.0
03761U50,5.96,5.81,2018-07-18,MFIC,MIDCAP FINANCIAL INVESTMENT CORP,6211.0,190.0
03761U50,5.85,5.96,2018-07-19,MFIC,MIDCAP FINANCIAL INVESTMENT CORP,6211.0,190.0
03761U50,5.87,5.87,2018-07-20,MFIC,MIDCAP FINANCIAL INVESTMENT CORP,6211.0,190.0
03761U50,5.85,5.9,2018-07-23,MFIC,MIDCAP FINANCIAL INVESTMENT CORP,6211.0,190.0
03761U50,5.86,5.9,2018-07-24,MFIC,MIDCAP FINANCIAL INVESTMENT CORP,6211.0,190.0
03761U50,5.9,5.89,2018-07-25,MFIC,MIDCAP FINANCIAL INVESTMENT CORP,6211.0,190.0
03761U50,5.94,5.9,2018-07-26,MFIC,MIDCAP FINANCIAL INVESTMENT CORP,6211.0,190.0
03761U50,5.95,5.93,2018-07-27,MFIC,MIDCAP FINANCIAL INVESTMENT CORP,6211.0,190.0
03761U50,5.96,5.95,2018-07-30,MFIC,MIDCAP FINANCIAL INVESTMENT CORP,6211.0,190.0
03761U50,5.95,6.0,2018-07-31,MFIC,MIDCAP FINANCIAL INVESTMENT CORP,6211.0,190.0
03761U50,5.92,5.95,2018-08-01,MFIC,MIDCAP FINANCIAL INVESTMENT CORP,6211.0,190.0
03761U50,5.9,5.93,2018-08-02,MFIC,MIDCAP FINANCIAL INVESTMENT CORP,6211.0,190.0
03761U50,5.91,5.91,2018-08-03,MFIC,MIDCAP FINANCIAL INVESTMENT CORP,6211.0,190.0
03761U50,5.91,5.92,2018-08-06,MFIC,MIDCAP FINANCIAL INVESTMENT CORP,6211.0,190.0
03761U50,5.88,5.91,2018-08-07,MFIC,MIDCAP FINANCIAL INVESTMENT CORP,6211.0,190.0
03761U50,5.93,5.88,2018-08-08,MFIC,MIDCAP FINANCIAL INVESTMENT CORP,6211.0,190.0
03761U50,5.77,5.94,2018-08-09,MFIC,MIDCAP FINANCIAL INVESTMENT CORP,6211.0,190.0
03761U50,5.77,5.73,2018-08-10,MFIC,MIDCAP FINANCIAL INVESTMENT CORP,6211.0,190.0
03761U50,5.74,5.79,2018-08-13,MFIC,MIDCAP FINANCIAL INVESTMENT CORP,6211.0,190.0
03761U50,5.68,5.71,2018-08-14,MFIC,MIDCAP FINANCIAL INVESTMENT CORP,6211.0,190.0
03761U50,5.65,5.68,2018-08-15,MFIC,MIDCAP FINANCIAL INVESTMENT CORP,6211.0,190.0
03761U50,5.7,5.68,2018-08-16,MFIC,MIDCAP FINANCIAL INVESTMENT CORP,6211.0,190.0
03761U50,5.69,5.69,2018-08-17,MFIC,MIDCAP FINANCIAL INVESTMENT CORP,6211.0,190.0
03761U50,5.64,5.68,2018-08-20,MFIC,MIDCAP FINANCIAL INVESTMENT CORP,6211.0,190.0
03761U50,5.71,5.66,2018-08-21,MFIC,MIDCAP FINANCIAL INVESTMENT CORP,6211.0,190.0
03761U50,5.75,5.71,2018-08-22,MFIC,MIDCAP FINANCIAL INVESTMENT CORP,6211.0,190.0
03761U50,5.65,5.71,2018-08-23,MFIC,MIDCAP FINANCIAL INVESTMENT CORP,6211.0,190.0
03761U50,5.61,5.65,2018-08-24,MFIC,MIDCAP FINANCIAL INVESTMENT CORP,6211.0,190.0
03761U50,5.71,5.65,2018-08-27,MFIC,MIDCAP FINANCIAL INVESTMENT CORP,6211.0,190.0
03761U50,5.55,5.73,2018-08-28,MFIC,MIDCAP FINANCIAL INVESTMENT CORP,6211.0,190.0
03761U50,5.57,5.54,2018-08-29,MFIC,MIDCAP FINANCIAL INVESTMENT CORP,6211.0,190.0
03761U50,5.53,5.56,2018-08-30,MFIC,MIDCAP FINANCIAL INVESTMENT CORP,6211.0,190.0
03761U50,5.54,5.53,2018-08-31,MFIC,MIDCAP FINANCIAL INVESTMENT CORP,6211.0,190.0
03761U50,5.51,5.53,2018-09-04,MFIC,MIDCAP FINANCIAL INVESTMENT CORP,6211.0,190.0
03761U50,5.59,5.51,2018-09-05,MFIC,MIDCAP FINANCIAL INVESTMENT CORP,6211.0,190.0
03761U50,5.52,5.59,2018-09-06,MFIC,MIDCAP FINANCIAL INVESTMENT CORP,6211.0,190.0
03761U50,5.47,5.52,2018-09-07,MFIC,MIDCAP FINANCIAL INVESTMENT CORP,6211.0,190.0
03761U50,5.48,5.49,2018-09-10,MFIC,MIDCAP FINANCIAL INVESTMENT CORP,6211.0,190.0
03761U50,5.49,5.5,2018-09-11,MFIC,MIDCAP FINANCIAL INVESTMENT CORP,6211.0,190.0
03761U50,5.54,5.5,2018-09-12,MFIC,MIDCAP FINANCIAL INVESTMENT CORP,6211.0,190.0
03761U50,5.47,5.56,2018-09-13,MFIC,MIDCAP FINANCIAL INVESTMENT CORP,6211.0,190.0
03761U50,5.44,5.48,2018-09-14,MFIC,MIDCAP FINANCIAL INVESTMENT CORP,6211.0,190.0
03761U50,5.51,5.44,2018-09-17,MFIC,MIDCAP FINANCIAL INVESTMENT CORP,6211.0,190.0
03761U50,5.51,5.5,2018-09-18,MFIC,MIDCAP FINANCIAL INVESTMENT CORP,6211.0,190.0
03761U50,5.57,5.53,2018-09-19,MFIC,MIDCAP FINANCIAL INVESTMENT CORP,6211.0,190.0
03761U50,5.61,5.6,2018-09-20,MFIC,MIDCAP FINANCIAL INVESTMENT CORP,6211.0,190.0
03761U50,5.5,5.47,2018-09-21,MFIC,MIDCAP FINANCIAL INVESTMENT CORP,6211.0,190.0
03761U50,5.49,5.51,2018-09-24,MFIC,MIDCAP FINANCIAL INVESTMENT CORP,6211.0,190.0
03761U50,5.47,5.48,2018-09-25,MFIC,MIDCAP FINANCIAL INVESTMENT CORP,6211.0,190.0
03761U50,5.45,5.48,2018-09-26,MFIC,MIDCAP FINANCIAL INVESTMENT CORP,6211.0,190.0
03761U50,5.49,5.46,2018-09-27,MFIC,MIDCAP FINANCIAL INVESTMENT CORP,6211.0,190.0
03761U50,5.44,5.47,2018-09-28,MFIC,MIDCAP FINANCIAL INVESTMENT CORP,6211.0,190.0
03761U50,5.46,5.48,2018-10-01,MFIC,MIDCAP FINANCIAL INVESTMENT CORP,6211.0,190.0
03761U50,5.48,5.47,2018-10-02,MFIC,MIDCAP FINANCIAL INVESTMENT CORP,6211.0,190.0
03761U50,5.48,5.48,2018-10-03,MFIC,MIDCAP FINANCIAL INVESTMENT CORP,6211.0,190.0
03761U50,5.44,5.46,2018-10-04,MFIC,MIDCAP FINANCIAL INVESTMENT CORP,6211.0,190.0
03761U50,5.45,5.45,2018-10-05,MFIC,MIDCAP FINANCIAL INVESTMENT CORP,6211.0,190.0
03761U50,5.39,5.44,2018-10-08,MFIC,MIDCAP FINANCIAL INVESTMENT CORP,6211.0,190.0
03761U50,5.49,5.41,2018-10-09,MFIC,MIDCAP FINANCIAL INVESTMENT CORP,6211.0,190.0
03761U50,5.41,5.48,2018-10-10,MFIC,MIDCAP FINANCIAL INVESTMENT CORP,6211.0,190.0
03761U50,5.33,5.33,2018-10-11,MFIC,MIDCAP FINANCIAL INVESTMENT CORP,6211.0,190.0
03761U50,5.3,5.37,2018-10-12,MFIC,MIDCAP FINANCIAL INVESTMENT CORP,6211.0,190.0
03761U50,5.31,5.3,2018-10-15,MFIC,MIDCAP FINANCIAL INVESTMENT CORP,6211.0,190.0
03761U50,5.33,5.31,2018-10-16,MFIC,MIDCAP FINANCIAL INVESTMENT CORP,6211.0,190.0
03761U50,5.32,5.34,2018-10-17,MFIC,MIDCAP FINANCIAL INVESTMENT CORP,6211.0,190.0
03761U50,5.26,5.32,2018-10-18,MFIC,MIDCAP FINANCIAL INVESTMENT CORP,6211.0,190.0
03761U50,5.24,5.26,2018-10-19,MFIC,MIDCAP FINANCIAL INVESTMENT CORP,6211.0,190.0
03761U50,5.17,5.21,2018-10-22,MFIC,MIDCAP FINANCIAL INVESTMENT CORP,6211.0,190.0
03761U50,5.05,5.15,2018-10-23,MFIC,MIDCAP FINANCIAL INVESTMENT CORP,6211.0,190.0
03761U50,5.02,5.08,2018-10-24,MFIC,MIDCAP FINANCIAL INVESTMENT CORP,6211.0,190.0
03761U50,5.03,5.04,2018-10-25,MFIC,MIDCAP FINANCIAL INVESTMENT CORP,6211.0,190.0
03761U50,5.0,5.04,2018-10-26,MFIC,MIDCAP FINANCIAL INVESTMENT CORP,6211.0,190.0
03761U50,4.99,5.03,2018-10-29,MFIC,MIDCAP FINANCIAL INVESTMENT CORP,6211.0,190.0
03761U50,4.97,4.99,2018-10-30,MFIC,MIDCAP FINANCIAL INVESTMENT CORP,6211.0,190.0
03761U50,5.17,5.11,2018-10-31,MFIC,MIDCAP FINANCIAL INVESTMENT CORP,6211.0,190.0
03761U50,5.26,5.15,2018-11-01,MFIC,MIDCAP FINANCIAL INVESTMENT CORP,6211.0,190.0
03761U50,5.24,5.27,2018-11-02,MFIC,MIDCAP FINANCIAL INVESTMENT CORP,6211.0,190.0
03761U50,5.34,5.25,2018-11-05,MFIC,MIDCAP FINANCIAL INVESTMENT CORP,6211.0,190.0
03761U50,5.41,5.35,2018-11-06,MFIC,MIDCAP FINANCIAL INVESTMENT CORP,6211.0,190.0
03761U50,5.39,5.38,2018-11-07,MFIC,MIDCAP FINANCIAL INVESTMENT CORP,6211.0,190.0
03761U50,5.36,5.38,2018-11-08,MFIC,MIDCAP FINANCIAL INVESTMENT CORP,6211.0,190.0
03761U50,5.39,5.32,2018-11-09,MFIC,MIDCAP FINANCIAL INVESTMENT CORP,6211.0,190.0
03761U50,5.32,5.39,2018-11-12,MFIC,MIDCAP FINANCIAL INVESTMENT CORP,6211.0,190.0
03761U50,5.32,5.33,2018-11-13,MFIC,MIDCAP FINANCIAL INVESTMENT CORP,6211.0,190.0
03761U50,5.3,5.32,2018-11-14,MFIC,MIDCAP FINANCIAL INVESTMENT CORP,6211.0,190.0
03761U50,5.24,5.3,2018-11-15,MFIC,MIDCAP FINANCIAL INVESTMENT CORP,6211.0,190.0
03761U50,5.22,5.24,2018-11-16,MFIC,MIDCAP FINANCIAL INVESTMENT CORP,6211.0,190.0
03761U50,5.23,5.2,2018-11-19,MFIC,MIDCAP FINANCIAL INVESTMENT CORP,6211.0,190.0
03761U50,5.16,5.23,2018-11-20,MFIC,MIDCAP FINANCIAL INVESTMENT CORP,6211.0,190.0
03761U50,5.2,5.2,2018-11-21,MFIC,MIDCAP FINANCIAL INVESTMENT CORP,6211.0,190.0
03761U50,5.23,5.17,2018-11-23,MFIC,MIDCAP FINANCIAL INVESTMENT CORP,6211.0,190.0
03761U50,5.23,5.25,2018-11-26,MFIC,MIDCAP FINANCIAL INVESTMENT CORP,6211.0,190.0
03761U50,5.22,5.23,2018-11-27,MFIC,MIDCAP FINANCIAL INVESTMENT CORP,6211.0,190.0
03761U50,5.32,5.22,2018-11-28,MFIC,MIDCAP FINANCIAL INVESTMENT CORP,6211.0,190.0
03761U50,5.3,5.32,2018-11-29,MFIC,MIDCAP FINANCIAL INVESTMENT CORP,6211.0,190.0
03761U50,5.25,5.3,2018-11-30,MFIC,MIDCAP FINANCIAL INVESTMENT CORP,6211.0,190.0
03761U50,16.5,15.88,2018-12-03,MFIC,MIDCAP FINANCIAL INVESTMENT CORP,6211.0,190.0
03761U50,15.49,16.36,2018-12-04,MFIC,MIDCAP FINANCIAL INVESTMENT CORP,6211.0,190.0
03761U50,15.26,15.2,2018-12-06,MFIC,MIDCAP FINANCIAL INVESTMENT CORP,6211.0,190.0
03761U50,15.05,15.15,2018-12-07,MFIC,MIDCAP FINANCIAL INVESTMENT CORP,6211.0,190.0
03761U50,14.9,15.12,2018-12-10,MFIC,MIDCAP FINANCIAL INVESTMENT CORP,6211.0,190.0
03761U50,14.68,15.0,2018-12-11,MFIC,MIDCAP FINANCIAL INVESTMENT CORP,6211.0,190.0
03761U50,14.7,14.8,2018-12-12,MFIC,MIDCAP FINANCIAL INVESTMENT CORP,6211.0,190.0
03761U50,14.45,14.74,2018-12-13,MFIC,MIDCAP FINANCIAL INVESTMENT CORP,6211.0,190.0
03761U50,14.24,14.36,2018-12-14,MFIC,MIDCAP FINANCIAL INVESTMENT CORP,6211.0,190.0
03761U50,13.53,14.17,2018-12-17,MFIC,MIDCAP FINANCIAL INVESTMENT CORP,6211.0,190.0
03761U50,13.75,13.38,2018-12-18,MFIC,MIDCAP FINANCIAL INVESTMENT CORP,6211.0,190.0
03761U50,13.15,13.49,2018-12-19,MFIC,MIDCAP FINANCIAL INVESTMENT CORP,6211.0,190.0
03761U50,12.56,13.06,2018-12-20,MFIC,MIDCAP FINANCIAL INVESTMENT CORP,6211.0,190.0
03761U50,12.4,12.54,2018-12-21,MFIC,MIDCAP FINANCIAL INVESTMENT CORP,6211.0,190.0
03761U50,12.38,12.38,2018-12-24,MFIC,MIDCAP FINANCIAL INVESTMENT CORP,6211.0,190.0
03761U50,12.63,12.45,2018-12-26,MFIC,MIDCAP FINANCIAL INVESTMENT CORP,6211.0,190.0
03761U50,12.61,12.56,2018-12-27,MFIC,MIDCAP FINANCIAL INVESTMENT CORP,6211.0,190.0
03761U50,12.72,12.68,2018-12-28,MFIC,MIDCAP FINANCIAL INVESTMENT CORP,6211.0,190.0
03761U50,12.4,12.69,2018-12-31,MFIC,MIDCAP FINANCIAL INVESTMENT CORP,6211.0,190.0
